1000        
1 72.0 -8.0 20.79213104 45.69991989 0.765460129 50.43868256 -15.11535759 0.31773
2 72.0 -4.0 20.79213104 45.69991989 0.765460129 50.43868256 -15.11535759 0.32092
3 72.0 0.0 20.79213104 45.69991989 0.765460129 50.43868256 -15.11535759 0.32526
4 72.0 4.0 20.79213104 45.69991989 0.765460129 50.43868256 -15.11535759 0.32976
5 72.0 8.0 20.79213104 45.69991989 0.765460129 50.43868256 -15.11535759 0.33565
6 112.0 -8.0 20.79213104 45.69991989 0.765460129 50.43868256 -15.11535759 0.31458
7 112.0 -4.0 20.79213104 45.69991989 0.765460129 50.43868256 -15.11535759 0.31936
8 112.0 0.0 20.79213104 45.69991989 0.765460129 50.43868256 -15.11535759 0.32445
9 112.0 4.0 20.79213104 45.69991989 0.765460129 50.43868256 -15.11535759 0.33052
10 112.0 8.0 20.79213104 45.69991989 0.765460129 50.43868256 -15.11535759 0.33681
11 152.0 -8.0 20.79213104 45.69991989 0.765460129 50.43868256 -15.11535759 0.30757
12 152.0 -4.0 20.79213104 45.69991989 0.765460129 50.43868256 -15.11535759 0.31552
13 152.0 0.0 20.79213104 45.69991989 0.765460129 50.43868256 -15.11535759 0.32443
14 152.0 4.0 20.79213104 45.69991989 0.765460129 50.43868256 -15.11535759 0.33342
15 152.0 8.0 20.79213104 45.69991989 0.765460129 50.43868256 -15.11535759 0.3436
16 192.0 -8.0 20.79213104 45.69991989 0.765460129 50.43868256 -15.11535759 0.29831
17 192.0 -4.0 20.79213104 45.69991989 0.765460129 50.43868256 -15.11535759 0.31376
18 192.0 0.0 20.79213104 45.69991989 0.765460129 50.43868256 -15.11535759 0.32958
19 192.0 4.0 20.79213104 45.69991989 0.765460129 50.43868256 -15.11535759 0.34564
20 192.0 8.0 20.79213104 45.69991989 0.765460129 50.43868256 -15.11535759 0.36097
21 72.0 -8.0 34.61953278 65.75283508 0.718781891 27.94758606 7.217736053 0.32033
22 72.0 -4.0 34.61953278 65.75283508 0.718781891 27.94758606 7.217736053 0.32251
23 72.0 0.0 34.61953278 65.75283508 0.718781891 27.94758606 7.217736053 0.32404
24 72.0 4.0 34.61953278 65.75283508 0.718781891 27.94758606 7.217736053 0.32476
25 72.0 8.0 34.61953278 65.75283508 0.718781891 27.94758606 7.217736053 0.32485
26 112.0 -8.0 34.61953278 65.75283508 0.718781891 27.94758606 7.217736053 0.31902
27 112.0 -4.0 34.61953278 65.75283508 0.718781891 27.94758606 7.217736053 0.3215
28 112.0 0.0 34.61953278 65.75283508 0.718781891 27.94758606 7.217736053 0.32335
29 112.0 4.0 34.61953278 65.75283508 0.718781891 27.94758606 7.217736053 0.32426
30 112.0 8.0 34.61953278 65.75283508 0.718781891 27.94758606 7.217736053 0.32464
31 152.0 -8.0 34.61953278 65.75283508 0.718781891 27.94758606 7.217736053 0.31693
32 152.0 -4.0 34.61953278 65.75283508 0.718781891 27.94758606 7.217736053 0.32018
33 152.0 0.0 34.61953278 65.75283508 0.718781891 27.94758606 7.217736053 0.32292
34 152.0 4.0 34.61953278 65.75283508 0.718781891 27.94758606 7.217736053 0.32503
35 152.0 8.0 34.61953278 65.75283508 0.718781891 27.94758606 7.217736053 0.32683
36 192.0 -8.0 34.61953278 65.75283508 0.718781891 27.94758606 7.217736053 0.31415
37 192.0 -4.0 34.61953278 65.75283508 0.718781891 27.94758606 7.217736053 0.31995
38 192.0 0.0 34.61953278 65.75283508 0.718781891 27.94758606 7.217736053 0.32545
39 192.0 4.0 34.61953278 65.75283508 0.718781891 27.94758606 7.217736053 0.3301
40 192.0 8.0 34.61953278 65.75283508 0.718781891 27.94758606 7.217736053 0.33441
41 72.0 -8.0 30.1259964 43.45231934 0.355650673 53.63630295 -1.292472839 0.31653
42 72.0 -4.0 30.1259964 43.45231934 0.355650673 53.63630295 -1.292472839 0.3195
43 72.0 0.0 30.1259964 43.45231934 0.355650673 53.63630295 -1.292472839 0.32314
44 72.0 4.0 30.1259964 43.45231934 0.355650673 53.63630295 -1.292472839 0.32691
45 72.0 8.0 30.1259964 43.45231934 0.355650673 53.63630295 -1.292472839 0.33153
46 112.0 -8.0 30.1259964 43.45231934 0.355650673 53.63630295 -1.292472839 0.31413
47 112.0 -4.0 30.1259964 43.45231934 0.355650673 53.63630295 -1.292472839 0.3183
48 112.0 0.0 30.1259964 43.45231934 0.355650673 53.63630295 -1.292472839 0.32273
49 112.0 4.0 30.1259964 43.45231934 0.355650673 53.63630295 -1.292472839 0.32766
50 112.0 8.0 30.1259964 43.45231934 0.355650673 53.63630295 -1.292472839 0.33281
51 152.0 -8.0 30.1259964 43.45231934 0.355650673 53.63630295 -1.292472839 0.30879
52 152.0 -4.0 30.1259964 43.45231934 0.355650673 53.63630295 -1.292472839 0.31567
53 152.0 0.0 30.1259964 43.45231934 0.355650673 53.63630295 -1.292472839 0.32317
54 152.0 4.0 30.1259964 43.45231934 0.355650673 53.63630295 -1.292472839 0.33077
55 152.0 8.0 30.1259964 43.45231934 0.355650673 53.63630295 -1.292472839 0.33915
56 192.0 -8.0 30.1259964 43.45231934 0.355650673 53.63630295 -1.292472839 0.30226
57 192.0 -4.0 30.1259964 43.45231934 0.355650673 53.63630295 -1.292472839 0.31538
58 192.0 0.0 30.1259964 43.45231934 0.355650673 53.63630295 -1.292472839 0.32874
59 192.0 4.0 30.1259964 43.45231934 0.355650673 53.63630295 -1.292472839 0.34194
60 192.0 8.0 30.1259964 43.45231934 0.355650673 53.63630295 -1.292472839 0.35468
61 72.0 -8.0 24.12907715 53.92703247 0.881443863 59.31732941 19.95050812 0.32413
62 72.0 -4.0 24.12907715 53.92703247 0.881443863 59.31732941 19.95050812 0.3262
63 72.0 0.0 24.12907715 53.92703247 0.881443863 59.31732941 19.95050812 0.33044
64 72.0 4.0 24.12907715 53.92703247 0.881443863 59.31732941 19.95050812 0.33636
65 72.0 8.0 24.12907715 53.92703247 0.881443863 59.31732941 19.95050812 0.34447
66 112.0 -8.0 24.12907715 53.92703247 0.881443863 59.31732941 19.95050812 0.32014
67 112.0 -4.0 24.12907715 53.92703247 0.881443863 59.31732941 19.95050812 0.32388
68 112.0 0.0 24.12907715 53.92703247 0.881443863 59.31732941 19.95050812 0.32935
69 112.0 4.0 24.12907715 53.92703247 0.881443863 59.31732941 19.95050812 0.33661
70 112.0 8.0 24.12907715 53.92703247 0.881443863 59.31732941 19.95050812 0.34559
71 152.0 -8.0 24.12907715 53.92703247 0.881443863 59.31732941 19.95050812 0.31325
72 152.0 -4.0 24.12907715 53.92703247 0.881443863 59.31732941 19.95050812 0.32036
73 152.0 0.0 24.12907715 53.92703247 0.881443863 59.31732941 19.95050812 0.32957
74 152.0 4.0 24.12907715 53.92703247 0.881443863 59.31732941 19.95050812 0.34054
75 152.0 8.0 24.12907715 53.92703247 0.881443863 59.31732941 19.95050812 0.35403
76 192.0 -8.0 24.12907715 53.92703247 0.881443863 59.31732941 19.95050812 0.30443
77 192.0 -4.0 24.12907715 53.92703247 0.881443863 59.31732941 19.95050812 0.31859
78 192.0 0.0 24.12907715 53.92703247 0.881443863 59.31732941 19.95050812 0.33467
79 192.0 4.0 24.12907715 53.92703247 0.881443863 59.31732941 19.95050812 0.35197
80 192.0 8.0 24.12907715 53.92703247 0.881443863 59.31732941 19.95050812 0.36966
81 72.0 -8.0 11.56812668 56.72336578 0.255439453 65.15860367 -1.192616272 0.3166
82 72.0 -4.0 11.56812668 56.72336578 0.255439453 65.15860367 -1.192616272 0.32115
83 72.0 0.0 11.56812668 56.72336578 0.255439453 65.15860367 -1.192616272 0.32723
84 72.0 4.0 11.56812668 56.72336578 0.255439453 65.15860367 -1.192616272 0.33371
85 72.0 8.0 11.56812668 56.72336578 0.255439453 65.15860367 -1.192616272 0.34142
86 112.0 -8.0 11.56812668 56.72336578 0.255439453 65.15860367 -1.192616272 0.31155
87 112.0 -4.0 11.56812668 56.72336578 0.255439453 65.15860367 -1.192616272 0.31882
88 112.0 0.0 11.56812668 56.72336578 0.255439453 65.15860367 -1.192616272 0.32629
89 112.0 4.0 11.56812668 56.72336578 0.255439453 65.15860367 -1.192616272 0.33453
90 112.0 8.0 11.56812668 56.72336578 0.255439453 65.15860367 -1.192616272 0.34291
91 152.0 -8.0 11.56812668 56.72336578 0.255439453 65.15860367 -1.192616272 0.30298
92 152.0 -4.0 11.56812668 56.72336578 0.255439453 65.15860367 -1.192616272 0.31426
93 152.0 0.0 11.56812668 56.72336578 0.255439453 65.15860367 -1.192616272 0.32643
94 152.0 4.0 11.56812668 56.72336578 0.255439453 65.15860367 -1.192616272 0.33882
95 152.0 8.0 11.56812668 56.72336578 0.255439453 65.15860367 -1.192616272 0.35278
96 192.0 -8.0 11.56812668 56.72336578 0.255439453 65.15860367 -1.192616272 0.29085
97 192.0 -4.0 11.56812668 56.72336578 0.255439453 65.15860367 -1.192616272 0.31115
98 192.0 0.0 11.56812668 56.72336578 0.255439453 65.15860367 -1.192616272 0.33175
99 192.0 4.0 11.56812668 56.72336578 0.255439453 65.15860367 -1.192616272 0.35219
100 192.0 8.0 11.56812668 56.72336578 0.255439453 65.15860367 -1.192616272 0.37026
101 72.0 -8.0 -9.793915176 63.54347382 0.215029564 47.0351162 12.0873642 0.31878
102 72.0 -4.0 -9.793915176 63.54347382 0.215029564 47.0351162 12.0873642 0.32048
103 72.0 0.0 -9.793915176 63.54347382 0.215029564 47.0351162 12.0873642 0.32445
104 72.0 4.0 -9.793915176 63.54347382 0.215029564 47.0351162 12.0873642 0.3295
105 72.0 8.0 -9.793915176 63.54347382 0.215029564 47.0351162 12.0873642 0.33552
106 112.0 -8.0 -9.793915176 63.54347382 0.215029564 47.0351162 12.0873642 0.3141
107 112.0 -4.0 -9.793915176 63.54347382 0.215029564 47.0351162 12.0873642 0.31844
108 112.0 0.0 -9.793915176 63.54347382 0.215029564 47.0351162 12.0873642 0.32343
109 112.0 4.0 -9.793915176 63.54347382 0.215029564 47.0351162 12.0873642 0.32952
110 112.0 8.0 -9.793915176 63.54347382 0.215029564 47.0351162 12.0873642 0.33625
111 152.0 -8.0 -9.793915176 63.54347382 0.215029564 47.0351162 12.0873642 0.30706
112 152.0 -4.0 -9.793915176 63.54347382 0.215029564 47.0351162 12.0873642 0.31453
113 152.0 0.0 -9.793915176 63.54347382 0.215029564 47.0351162 12.0873642 0.323
114 152.0 4.0 -9.793915176 63.54347382 0.215029564 47.0351162 12.0873642 0.33248
115 152.0 8.0 -9.793915176 63.54347382 0.215029564 47.0351162 12.0873642 0.34432
116 192.0 -8.0 -9.793915176 63.54347382 0.215029564 47.0351162 12.0873642 0.29487
117 192.0 -4.0 -9.793915176 63.54347382 0.215029564 47.0351162 12.0873642 0.30986
118 192.0 0.0 -9.793915176 63.54347382 0.215029564 47.0351162 12.0873642 0.32616
119 192.0 4.0 -9.793915176 63.54347382 0.215029564 47.0351162 12.0873642 0.3438
120 192.0 8.0 -9.793915176 63.54347382 0.215029564 47.0351162 12.0873642 0.35809
121 72.0 -8.0 25.37947235 60.110672 0.974991531 22.19405508 15.40770264 0.32685
122 72.0 -4.0 25.37947235 60.110672 0.974991531 22.19405508 15.40770264 0.32725
123 72.0 0.0 25.37947235 60.110672 0.974991531 22.19405508 15.40770264 0.32813
124 72.0 4.0 25.37947235 60.110672 0.974991531 22.19405508 15.40770264 0.32933
125 72.0 8.0 25.37947235 60.110672 0.974991531 22.19405508 15.40770264 0.33093
126 112.0 -8.0 25.37947235 60.110672 0.974991531 22.19405508 15.40770264 0.32484
127 112.0 -4.0 25.37947235 60.110672 0.974991531 22.19405508 15.40770264 0.32571
128 112.0 0.0 25.37947235 60.110672 0.974991531 22.19405508 15.40770264 0.32685
129 112.0 4.0 25.37947235 60.110672 0.974991531 22.19405508 15.40770264 0.32812
130 112.0 8.0 25.37947235 60.110672 0.974991531 22.19405508 15.40770264 0.32965
131 152.0 -8.0 25.37947235 60.110672 0.974991531 22.19405508 15.40770264 0.32192
132 152.0 -4.0 25.37947235 60.110672 0.974991531 22.19405508 15.40770264 0.32348
133 152.0 0.0 25.37947235 60.110672 0.974991531 22.19405508 15.40770264 0.32539
134 152.0 4.0 25.37947235 60.110672 0.974991531 22.19405508 15.40770264 0.3276
135 152.0 8.0 25.37947235 60.110672 0.974991531 22.19405508 15.40770264 0.33041
136 192.0 -8.0 25.37947235 60.110672 0.974991531 22.19405508 15.40770264 0.3168
137 192.0 -4.0 25.37947235 60.110672 0.974991531 22.19405508 15.40770264 0.32103
138 192.0 0.0 25.37947235 60.110672 0.974991531 22.19405508 15.40770264 0.32577
139 192.0 4.0 25.37947235 60.110672 0.974991531 22.19405508 15.40770264 0.3307
140 192.0 8.0 25.37947235 60.110672 0.974991531 22.19405508 15.40770264 0.3354
141 72.0 -8.0 -6.643136978 54.52568207 0.126916456 24.49052954 -24.74065933 0.31695
142 72.0 -4.0 -6.643136978 54.52568207 0.126916456 24.49052954 -24.74065933 0.31648
143 72.0 0.0 -6.643136978 54.52568207 0.126916456 24.49052954 -24.74065933 0.31812
144 72.0 4.0 -6.643136978 54.52568207 0.126916456 24.49052954 -24.74065933 0.31965
145 72.0 8.0 -6.643136978 54.52568207 0.126916456 24.49052954 -24.74065933 0.3224
146 112.0 -8.0 -6.643136978 54.52568207 0.126916456 24.49052954 -24.74065933 0.31435
147 112.0 -4.0 -6.643136978 54.52568207 0.126916456 24.49052954 -24.74065933 0.31634
148 112.0 0.0 -6.643136978 54.52568207 0.126916456 24.49052954 -24.74065933 0.31768
149 112.0 4.0 -6.643136978 54.52568207 0.126916456 24.49052954 -24.74065933 0.31977
150 112.0 8.0 -6.643136978 54.52568207 0.126916456 24.49052954 -24.74065933 0.32135
151 152.0 -8.0 -6.643136978 54.52568207 0.126916456 24.49052954 -24.74065933 0.31248
152 152.0 -4.0 -6.643136978 54.52568207 0.126916456 24.49052954 -24.74065933 0.31446
153 152.0 0.0 -6.643136978 54.52568207 0.126916456 24.49052954 -24.74065933 0.31726
154 152.0 4.0 -6.643136978 54.52568207 0.126916456 24.49052954 -24.74065933 0.32003
155 152.0 8.0 -6.643136978 54.52568207 0.126916456 24.49052954 -24.74065933 0.32458
156 192.0 -8.0 -6.643136978 54.52568207 0.126916456 24.49052954 -24.74065933 0.30429
157 192.0 -4.0 -6.643136978 54.52568207 0.126916456 24.49052954 -24.74065933 0.31078
158 192.0 0.0 -6.643136978 54.52568207 0.126916456 24.49052954 -24.74065933 0.3173
159 192.0 4.0 -6.643136978 54.52568207 0.126916456 24.49052954 -24.74065933 0.32462
160 192.0 8.0 -6.643136978 54.52568207 0.126916456 24.49052954 -24.74065933 0.33056
161 72.0 -8.0 -11.83021221 48.91155853 0.097985821 39.71723366 28.45957489 0.3173
162 72.0 -4.0 -11.83021221 48.91155853 0.097985821 39.71723366 28.45957489 0.31604
163 72.0 0.0 -11.83021221 48.91155853 0.097985821 39.71723366 28.45957489 0.3187
164 72.0 4.0 -11.83021221 48.91155853 0.097985821 39.71723366 28.45957489 0.32209
165 72.0 8.0 -11.83021221 48.91155853 0.097985821 39.71723366 28.45957489 0.32857
166 112.0 -8.0 -11.83021221 48.91155853 0.097985821 39.71723366 28.45957489 0.31284
167 112.0 -4.0 -11.83021221 48.91155853 0.097985821 39.71723366 28.45957489 0.31565
168 112.0 0.0 -11.83021221 48.91155853 0.097985821 39.71723366 28.45957489 0.31835
169 112.0 4.0 -11.83021221 48.91155853 0.097985821 39.71723366 28.45957489 0.32326
170 112.0 8.0 -11.83021221 48.91155853 0.097985821 39.71723366 28.45957489 0.32795
171 152.0 -8.0 -11.83021221 48.91155853 0.097985821 39.71723366 28.45957489 0.30941
172 152.0 -4.0 -11.83021221 48.91155853 0.097985821 39.71723366 28.45957489 0.31261
173 152.0 0.0 -11.83021221 48.91155853 0.097985821 39.71723366 28.45957489 0.31834
174 152.0 4.0 -11.83021221 48.91155853 0.097985821 39.71723366 28.45957489 0.32507
175 152.0 8.0 -11.83021221 48.91155853 0.097985821 39.71723366 28.45957489 0.33519
176 192.0 -8.0 -11.83021221 48.91155853 0.097985821 39.71723366 28.45957489 0.29816
177 192.0 -4.0 -11.83021221 48.91155853 0.097985821 39.71723366 28.45957489 0.30835
178 192.0 0.0 -11.83021221 48.91155853 0.097985821 39.71723366 28.45957489 0.32012
179 192.0 4.0 -11.83021221 48.91155853 0.097985821 39.71723366 28.45957489 0.33413
180 192.0 8.0 -11.83021221 48.91155853 0.097985821 39.71723366 28.45957489 0.34775
181 72.0 -8.0 0.895515442 72.94061584 0.173245392 41.44955826 9.429405212 0.32283
182 72.0 -4.0 0.895515442 72.94061584 0.173245392 41.44955826 9.429405212 0.32582
183 72.0 0.0 0.895515442 72.94061584 0.173245392 41.44955826 9.429405212 0.32891
184 72.0 4.0 0.895515442 72.94061584 0.173245392 41.44955826 9.429405212 0.33259
185 72.0 8.0 0.895515442 72.94061584 0.173245392 41.44955826 9.429405212 0.3358
186 112.0 -8.0 0.895515442 72.94061584 0.173245392 41.44955826 9.429405212 0.31908
187 112.0 -4.0 0.895515442 72.94061584 0.173245392 41.44955826 9.429405212 0.32306
188 112.0 0.0 0.895515442 72.94061584 0.173245392 41.44955826 9.429405212 0.32733
189 112.0 4.0 0.895515442 72.94061584 0.173245392 41.44955826 9.429405212 0.33116
190 112.0 8.0 0.895515442 72.94061584 0.173245392 41.44955826 9.429405212 0.33544
191 152.0 -8.0 0.895515442 72.94061584 0.173245392 41.44955826 9.429405212 0.31309
192 152.0 -4.0 0.895515442 72.94061584 0.173245392 41.44955826 9.429405212 0.31977
193 152.0 0.0 0.895515442 72.94061584 0.173245392 41.44955826 9.429405212 0.32623
194 152.0 4.0 0.895515442 72.94061584 0.173245392 41.44955826 9.429405212 0.33316
195 152.0 8.0 0.895515442 72.94061584 0.173245392 41.44955826 9.429405212 0.34051
196 192.0 -8.0 0.895515442 72.94061584 0.173245392 41.44955826 9.429405212 0.30343
197 192.0 -4.0 0.895515442 72.94061584 0.173245392 41.44955826 9.429405212 0.31605
198 192.0 0.0 0.895515442 72.94061584 0.173245392 41.44955826 9.429405212 0.32896
199 192.0 4.0 0.895515442 72.94061584 0.173245392 41.44955826 9.429405212 0.34101
200 192.0 8.0 0.895515442 72.94061584 0.173245392 41.44955826 9.429405212 0.34958
201 72.0 -8.0 -10.814818 50.52818069 0.47235054 48.95146561 -4.235183716 0.31801
202 72.0 -4.0 -10.814818 50.52818069 0.47235054 48.95146561 -4.235183716 0.31694
203 72.0 0.0 -10.814818 50.52818069 0.47235054 48.95146561 -4.235183716 0.32109
204 72.0 4.0 -10.814818 50.52818069 0.47235054 48.95146561 -4.235183716 0.32655
205 72.0 8.0 -10.814818 50.52818069 0.47235054 48.95146561 -4.235183716 0.336
206 112.0 -8.0 -10.814818 50.52818069 0.47235054 48.95146561 -4.235183716 0.31122
207 112.0 -4.0 -10.814818 50.52818069 0.47235054 48.95146561 -4.235183716 0.31582
208 112.0 0.0 -10.814818 50.52818069 0.47235054 48.95146561 -4.235183716 0.32055
209 112.0 4.0 -10.814818 50.52818069 0.47235054 48.95146561 -4.235183716 0.32813
210 112.0 8.0 -10.814818 50.52818069 0.47235054 48.95146561 -4.235183716 0.33578
211 152.0 -8.0 -10.814818 50.52818069 0.47235054 48.95146561 -4.235183716 0.30512
212 152.0 -4.0 -10.814818 50.52818069 0.47235054 48.95146561 -4.235183716 0.31115
213 152.0 0.0 -10.814818 50.52818069 0.47235054 48.95146561 -4.235183716 0.32035
214 152.0 4.0 -10.814818 50.52818069 0.47235054 48.95146561 -4.235183716 0.33098
215 152.0 8.0 -10.814818 50.52818069 0.47235054 48.95146561 -4.235183716 0.34592
216 192.0 -8.0 -10.814818 50.52818069 0.47235054 48.95146561 -4.235183716 0.28884
217 192.0 -4.0 -10.814818 50.52818069 0.47235054 48.95146561 -4.235183716 0.3045
218 192.0 0.0 -10.814818 50.52818069 0.47235054 48.95146561 -4.235183716 0.3219
219 192.0 4.0 -10.814818 50.52818069 0.47235054 48.95146561 -4.235183716 0.34172
220 192.0 8.0 -10.814818 50.52818069 0.47235054 48.95146561 -4.235183716 0.36058
221 72.0 -8.0 6.025615692 62.55310364 0.871455917 31.28820324 20.41136169 0.32862
222 72.0 -4.0 6.025615692 62.55310364 0.871455917 31.28820324 20.41136169 0.32918
223 72.0 0.0 6.025615692 62.55310364 0.871455917 31.28820324 20.41136169 0.33098
224 72.0 4.0 6.025615692 62.55310364 0.871455917 31.28820324 20.41136169 0.33375
225 72.0 8.0 6.025615692 62.55310364 0.871455917 31.28820324 20.41136169 0.33729
226 112.0 -8.0 6.025615692 62.55310364 0.871455917 31.28820324 20.41136169 0.32493
227 112.0 -4.0 6.025615692 62.55310364 0.871455917 31.28820324 20.41136169 0.32668
228 112.0 0.0 6.025615692 62.55310364 0.871455917 31.28820324 20.41136169 0.32904
229 112.0 4.0 6.025615692 62.55310364 0.871455917 31.28820324 20.41136169 0.33207
230 112.0 8.0 6.025615692 62.55310364 0.871455917 31.28820324 20.41136169 0.33568
231 152.0 -8.0 6.025615692 62.55310364 0.871455917 31.28820324 20.41136169 0.32011
232 152.0 -4.0 6.025615692 62.55310364 0.871455917 31.28820324 20.41136169 0.32333
233 152.0 0.0 6.025615692 62.55310364 0.871455917 31.28820324 20.41136169 0.32739
234 152.0 4.0 6.025615692 62.55310364 0.871455917 31.28820324 20.41136169 0.33235
235 152.0 8.0 6.025615692 62.55310364 0.871455917 31.28820324 20.41136169 0.33878
236 192.0 -8.0 6.025615692 62.55310364 0.871455917 31.28820324 20.41136169 0.31181
237 192.0 -4.0 6.025615692 62.55310364 0.871455917 31.28820324 20.41136169 0.31977
238 192.0 0.0 6.025615692 62.55310364 0.871455917 31.28820324 20.41136169 0.32893
239 192.0 4.0 6.025615692 62.55310364 0.871455917 31.28820324 20.41136169 0.33903
240 192.0 8.0 6.025615692 62.55310364 0.871455917 31.28820324 20.41136169 0.34757
241 72.0 -8.0 15.83311539 59.0328476 0.041878457 63.81528091 24.05351715 0.32034
242 72.0 -4.0 15.83311539 59.0328476 0.041878457 63.81528091 24.05351715 0.32344
243 72.0 0.0 15.83311539 59.0328476 0.041878457 63.81528091 24.05351715 0.32776
244 72.0 4.0 15.83311539 59.0328476 0.041878457 63.81528091 24.05351715 0.3328
245 72.0 8.0 15.83311539 59.0328476 0.041878457 63.81528091 24.05351715 0.33885
246 112.0 -8.0 15.83311539 59.0328476 0.041878457 63.81528091 24.05351715 0.31659
247 112.0 -4.0 15.83311539 59.0328476 0.041878457 63.81528091 24.05351715 0.32137
248 112.0 0.0 15.83311539 59.0328476 0.041878457 63.81528091 24.05351715 0.3268
249 112.0 4.0 15.83311539 59.0328476 0.041878457 63.81528091 24.05351715 0.33292
250 112.0 8.0 15.83311539 59.0328476 0.041878457 63.81528091 24.05351715 0.33969
251 152.0 -8.0 15.83311539 59.0328476 0.041878457 63.81528091 24.05351715 0.31034
252 152.0 -4.0 15.83311539 59.0328476 0.041878457 63.81528091 24.05351715 0.31812
253 152.0 0.0 15.83311539 59.0328476 0.041878457 63.81528091 24.05351715 0.32692
254 152.0 4.0 15.83311539 59.0328476 0.041878457 63.81528091 24.05351715 0.33648
255 152.0 8.0 15.83311539 59.0328476 0.041878457 63.81528091 24.05351715 0.34758
256 192.0 -8.0 15.83311539 59.0328476 0.041878457 63.81528091 24.05351715 0.30164
257 192.0 -4.0 15.83311539 59.0328476 0.041878457 63.81528091 24.05351715 0.31639
258 192.0 0.0 15.83311539 59.0328476 0.041878457 63.81528091 24.05351715 0.33208
259 192.0 4.0 15.83311539 59.0328476 0.041878457 63.81528091 24.05351715 0.34788
260 192.0 8.0 15.83311539 59.0328476 0.041878457 63.81528091 24.05351715 0.36235
261 72.0 -8.0 17.93229141 77.61908875 0.80848671 55.26851654 22.92909393 0.32534
262 72.0 -4.0 17.93229141 77.61908875 0.80848671 55.26851654 22.92909393 0.33003
263 72.0 0.0 17.93229141 77.61908875 0.80848671 55.26851654 22.92909393 0.33482
264 72.0 4.0 17.93229141 77.61908875 0.80848671 55.26851654 22.92909393 0.33966
265 72.0 8.0 17.93229141 77.61908875 0.80848671 55.26851654 22.92909393 0.34443
266 112.0 -8.0 17.93229141 77.61908875 0.80848671 55.26851654 22.92909393 0.3211
267 112.0 -4.0 17.93229141 77.61908875 0.80848671 55.26851654 22.92909393 0.32671
268 112.0 0.0 17.93229141 77.61908875 0.80848671 55.26851654 22.92909393 0.33275
269 112.0 4.0 17.93229141 77.61908875 0.80848671 55.26851654 22.92909393 0.33861
270 112.0 8.0 17.93229141 77.61908875 0.80848671 55.26851654 22.92909393 0.34513
271 152.0 -8.0 17.93229141 77.61908875 0.80848671 55.26851654 22.92909393 0.31455
272 152.0 -4.0 17.93229141 77.61908875 0.80848671 55.26851654 22.92909393 0.32344
273 152.0 0.0 17.93229141 77.61908875 0.80848671 55.26851654 22.92909393 0.33275
274 152.0 4.0 17.93229141 77.61908875 0.80848671 55.26851654 22.92909393 0.34261
275 152.0 8.0 17.93229141 77.61908875 0.80848671 55.26851654 22.92909393 0.35343
276 192.0 -8.0 17.93229141 77.61908875 0.80848671 55.26851654 22.92909393 0.30574
277 192.0 -4.0 17.93229141 77.61908875 0.80848671 55.26851654 22.92909393 0.32069
278 192.0 0.0 17.93229141 77.61908875 0.80848671 55.26851654 22.92909393 0.3365
279 192.0 4.0 17.93229141 77.61908875 0.80848671 55.26851654 22.92909393 0.3517
280 192.0 8.0 17.93229141 77.61908875 0.80848671 55.26851654 22.92909393 0.3664
281 72.0 -8.0 -2.612089539 71.97518005 0.0761274 25.98832655 22.19203949 0.32022
282 72.0 -4.0 -2.612089539 71.97518005 0.0761274 25.98832655 22.19203949 0.32151
283 72.0 0.0 -2.612089539 71.97518005 0.0761274 25.98832655 22.19203949 0.32279
284 72.0 4.0 -2.612089539 71.97518005 0.0761274 25.98832655 22.19203949 0.32459
285 72.0 8.0 -2.612089539 71.97518005 0.0761274 25.98832655 22.19203949 0.3259
286 112.0 -8.0 -2.612089539 71.97518005 0.0761274 25.98832655 22.19203949 0.31824
287 112.0 -4.0 -2.612089539 71.97518005 0.0761274 25.98832655 22.19203949 0.31988
288 112.0 0.0 -2.612089539 71.97518005 0.0761274 25.98832655 22.19203949 0.32182
289 112.0 4.0 -2.612089539 71.97518005 0.0761274 25.98832655 22.19203949 0.32339
290 112.0 8.0 -2.612089539 71.97518005 0.0761274 25.98832655 22.19203949 0.32539
291 152.0 -8.0 -2.612089539 71.97518005 0.0761274 25.98832655 22.19203949 0.31501
292 152.0 -4.0 -2.612089539 71.97518005 0.0761274 25.98832655 22.19203949 0.31811
293 152.0 0.0 -2.612089539 71.97518005 0.0761274 25.98832655 22.19203949 0.32089
294 152.0 4.0 -2.612089539 71.97518005 0.0761274 25.98832655 22.19203949 0.32404
295 152.0 8.0 -2.612089539 71.97518005 0.0761274 25.98832655 22.19203949 0.32744
296 192.0 -8.0 -2.612089539 71.97518005 0.0761274 25.98832655 22.19203949 0.30922
297 192.0 -4.0 -2.612089539 71.97518005 0.0761274 25.98832655 22.19203949 0.31567
298 192.0 0.0 -2.612089539 71.97518005 0.0761274 25.98832655 22.19203949 0.32247
299 192.0 4.0 -2.612089539 71.97518005 0.0761274 25.98832655 22.19203949 0.32907
300 192.0 8.0 -2.612089539 71.97518005 0.0761274 25.98832655 22.19203949 0.33312
301 72.0 -8.0 28.7867218 62.16131744 0.103984509 20.73633063 -25.64858408 0.31903
302 72.0 -4.0 28.7867218 62.16131744 0.103984509 20.73633063 -25.64858408 0.32088
303 72.0 0.0 28.7867218 62.16131744 0.103984509 20.73633063 -25.64858408 0.32196
304 72.0 4.0 28.7867218 62.16131744 0.103984509 20.73633063 -25.64858408 0.32216
305 72.0 8.0 28.7867218 62.16131744 0.103984509 20.73633063 -25.64858408 0.32164
306 112.0 -8.0 28.7867218 62.16131744 0.103984509 20.73633063 -25.64858408 0.31809
307 112.0 -4.0 28.7867218 62.16131744 0.103984509 20.73633063 -25.64858408 0.32022
308 112.0 0.0 28.7867218 62.16131744 0.103984509 20.73633063 -25.64858408 0.32147
309 112.0 4.0 28.7867218 62.16131744 0.103984509 20.73633063 -25.64858408 0.32165
310 112.0 8.0 28.7867218 62.16131744 0.103984509 20.73633063 -25.64858408 0.32109
311 152.0 -8.0 28.7867218 62.16131744 0.103984509 20.73633063 -25.64858408 0.31659
312 152.0 -4.0 28.7867218 62.16131744 0.103984509 20.73633063 -25.64858408 0.31895
313 152.0 0.0 28.7867218 62.16131744 0.103984509 20.73633063 -25.64858408 0.32054
314 152.0 4.0 28.7867218 62.16131744 0.103984509 20.73633063 -25.64858408 0.32133
315 152.0 8.0 28.7867218 62.16131744 0.103984509 20.73633063 -25.64858408 0.32171
316 192.0 -8.0 28.7867218 62.16131744 0.103984509 20.73633063 -25.64858408 0.31405
317 192.0 -4.0 28.7867218 62.16131744 0.103984509 20.73633063 -25.64858408 0.31815
318 192.0 0.0 28.7867218 62.16131744 0.103984509 20.73633063 -25.64858408 0.32146
319 192.0 4.0 28.7867218 62.16131744 0.103984509 20.73633063 -25.64858408 0.32363
320 192.0 8.0 28.7867218 62.16131744 0.103984509 20.73633063 -25.64858408 0.32491
321 72.0 -8.0 22.77868347 70.47941589 0.325790787 30.33171368 -18.69706306 0.32271
322 72.0 -4.0 22.77868347 70.47941589 0.325790787 30.33171368 -18.69706306 0.32632
323 72.0 0.0 22.77868347 70.47941589 0.325790787 30.33171368 -18.69706306 0.32861
324 72.0 4.0 22.77868347 70.47941589 0.325790787 30.33171368 -18.69706306 0.32943
325 72.0 8.0 22.77868347 70.47941589 0.325790787 30.33171368 -18.69706306 0.32884
326 112.0 -8.0 22.77868347 70.47941589 0.325790787 30.33171368 -18.69706306 0.32071
327 112.0 -4.0 22.77868347 70.47941589 0.325790787 30.33171368 -18.69706306 0.32458
328 112.0 0.0 22.77868347 70.47941589 0.325790787 30.33171368 -18.69706306 0.32718
329 112.0 4.0 22.77868347 70.47941589 0.325790787 30.33171368 -18.69706306 0.32817
330 112.0 8.0 22.77868347 70.47941589 0.325790787 30.33171368 -18.69706306 0.32806
331 152.0 -8.0 22.77868347 70.47941589 0.325790787 30.33171368 -18.69706306 0.31738
332 152.0 -4.0 22.77868347 70.47941589 0.325790787 30.33171368 -18.69706306 0.3223
333 152.0 0.0 22.77868347 70.47941589 0.325790787 30.33171368 -18.69706306 0.32592
334 152.0 4.0 22.77868347 70.47941589 0.325790787 30.33171368 -18.69706306 0.32826
335 152.0 8.0 22.77868347 70.47941589 0.325790787 30.33171368 -18.69706306 0.32979
336 192.0 -8.0 22.77868347 70.47941589 0.325790787 30.33171368 -18.69706306 0.31219
337 192.0 -4.0 22.77868347 70.47941589 0.325790787 30.33171368 -18.69706306 0.32017
338 192.0 0.0 22.77868347 70.47941589 0.325790787 30.33171368 -18.69706306 0.32707
339 192.0 4.0 22.77868347 70.47941589 0.325790787 30.33171368 -18.69706306 0.33214
340 192.0 8.0 22.77868347 70.47941589 0.325790787 30.33171368 -18.69706306 0.33555
341 72.0 -8.0 -7.696531296 44.36474304 0.928033295 57.48487091 -17.61387634 0.31803
342 72.0 -4.0 -7.696531296 44.36474304 0.928033295 57.48487091 -17.61387634 0.31684
343 72.0 0.0 -7.696531296 44.36474304 0.928033295 57.48487091 -17.61387634 0.32198
344 72.0 4.0 -7.696531296 44.36474304 0.928033295 57.48487091 -17.61387634 0.32914
345 72.0 8.0 -7.696531296 44.36474304 0.928033295 57.48487091 -17.61387634 0.34212
346 112.0 -8.0 -7.696531296 44.36474304 0.928033295 57.48487091 -17.61387634 0.30978
347 112.0 -4.0 -7.696531296 44.36474304 0.928033295 57.48487091 -17.61387634 0.31531
348 112.0 0.0 -7.696531296 44.36474304 0.928033295 57.48487091 -17.61387634 0.32145
349 112.0 4.0 -7.696531296 44.36474304 0.928033295 57.48487091 -17.61387634 0.33174
350 112.0 8.0 -7.696531296 44.36474304 0.928033295 57.48487091 -17.61387634 0.34268
351 152.0 -8.0 -7.696531296 44.36474304 0.928033295 57.48487091 -17.61387634 0.30163
352 152.0 -4.0 -7.696531296 44.36474304 0.928033295 57.48487091 -17.61387634 0.30912
353 152.0 0.0 -7.696531296 44.36474304 0.928033295 57.48487091 -17.61387634 0.32125
354 152.0 4.0 -7.696531296 44.36474304 0.928033295 57.48487091 -17.61387634 0.33545
355 152.0 8.0 -7.696531296 44.36474304 0.928033295 57.48487091 -17.61387634 0.35453
356 192.0 -8.0 -7.696531296 44.36474304 0.928033295 57.48487091 -17.61387634 0.28155
357 192.0 -4.0 -7.696531296 44.36474304 0.928033295 57.48487091 -17.61387634 0.30109
358 192.0 0.0 -7.696531296 44.36474304 0.928033295 57.48487091 -17.61387634 0.32255
359 192.0 4.0 -7.696531296 44.36474304 0.928033295 57.48487091 -17.61387634 0.34693
360 192.0 8.0 -7.696531296 44.36474304 0.928033295 57.48487091 -17.61387634 0.37195
361 72.0 -8.0 16.54754486 48.62717743 0.515185509 45.01981544 -10.82316513 0.31713
362 72.0 -4.0 16.54754486 48.62717743 0.515185509 45.01981544 -10.82316513 0.31982
363 72.0 0.0 16.54754486 48.62717743 0.515185509 45.01981544 -10.82316513 0.32357
364 72.0 4.0 16.54754486 48.62717743 0.515185509 45.01981544 -10.82316513 0.32728
365 72.0 8.0 16.54754486 48.62717743 0.515185509 45.01981544 -10.82316513 0.33217
366 112.0 -8.0 16.54754486 48.62717743 0.515185509 45.01981544 -10.82316513 0.31438
367 112.0 -4.0 16.54754486 48.62717743 0.515185509 45.01981544 -10.82316513 0.31862
368 112.0 0.0 16.54754486 48.62717743 0.515185509 45.01981544 -10.82316513 0.32285
369 112.0 4.0 16.54754486 48.62717743 0.515185509 45.01981544 -10.82316513 0.32782
370 112.0 8.0 16.54754486 48.62717743 0.515185509 45.01981544 -10.82316513 0.33272
371 152.0 -8.0 16.54754486 48.62717743 0.515185509 45.01981544 -10.82316513 0.30858
372 152.0 -4.0 16.54754486 48.62717743 0.515185509 45.01981544 -10.82316513 0.31527
373 152.0 0.0 16.54754486 48.62717743 0.515185509 45.01981544 -10.82316513 0.32275
374 152.0 4.0 16.54754486 48.62717743 0.515185509 45.01981544 -10.82316513 0.33014
375 152.0 8.0 16.54754486 48.62717743 0.515185509 45.01981544 -10.82316513 0.33865
376 192.0 -8.0 16.54754486 48.62717743 0.515185509 45.01981544 -10.82316513 0.29992
377 192.0 -4.0 16.54754486 48.62717743 0.515185509 45.01981544 -10.82316513 0.31357
378 192.0 0.0 16.54754486 48.62717743 0.515185509 45.01981544 -10.82316513 0.32744
379 192.0 4.0 16.54754486 48.62717743 0.515185509 45.01981544 -10.82316513 0.3415
380 192.0 8.0 16.54754486 48.62717743 0.515185509 45.01981544 -10.82316513 0.35445
381 72.0 -8.0 2.927626801 67.05593262 0.523118362 32.88247776 4.480460358 0.32439
382 72.0 -4.0 2.927626801 67.05593262 0.523118362 32.88247776 4.480460358 0.32605
383 72.0 0.0 2.927626801 67.05593262 0.523118362 32.88247776 4.480460358 0.32825
384 72.0 4.0 2.927626801 67.05593262 0.523118362 32.88247776 4.480460358 0.331
385 72.0 8.0 2.927626801 67.05593262 0.523118362 32.88247776 4.480460358 0.33371
386 112.0 -8.0 2.927626801 67.05593262 0.523118362 32.88247776 4.480460358 0.32099
387 112.0 -4.0 2.927626801 67.05593262 0.523118362 32.88247776 4.480460358 0.32372
388 112.0 0.0 2.927626801 67.05593262 0.523118362 32.88247776 4.480460358 0.32665
389 112.0 4.0 2.927626801 67.05593262 0.523118362 32.88247776 4.480460358 0.32953
390 112.0 8.0 2.927626801 67.05593262 0.523118362 32.88247776 4.480460358 0.33265
391 152.0 -8.0 2.927626801 67.05593262 0.523118362 32.88247776 4.480460358 0.31621
392 152.0 -4.0 2.927626801 67.05593262 0.523118362 32.88247776 4.480460358 0.32069
393 152.0 0.0 2.927626801 67.05593262 0.523118362 32.88247776 4.480460358 0.3253
394 152.0 4.0 2.927626801 67.05593262 0.523118362 32.88247776 4.480460358 0.33036
395 152.0 8.0 2.927626801 67.05593262 0.523118362 32.88247776 4.480460358 0.33619
396 192.0 -8.0 2.927626801 67.05593262 0.523118362 32.88247776 4.480460358 0.30813
397 192.0 -4.0 2.927626801 67.05593262 0.523118362 32.88247776 4.480460358 0.31751
398 192.0 0.0 2.927626801 67.05593262 0.523118362 32.88247776 4.480460358 0.32747
399 192.0 4.0 2.927626801 67.05593262 0.523118362 32.88247776 4.480460358 0.33744
400 192.0 8.0 2.927626801 67.05593262 0.523118362 32.88247776 4.480460358 0.3448
401 72.0 -8.0 -16.61966877 59.62344513 0.385022392 33.36184502 6.700252533 0.31893
402 72.0 -4.0 -16.61966877 59.62344513 0.385022392 33.36184502 6.700252533 0.31867
403 72.0 0.0 -16.61966877 59.62344513 0.385022392 33.36184502 6.700252533 0.32109
404 72.0 4.0 -16.61966877 59.62344513 0.385022392 33.36184502 6.700252533 0.32425
405 72.0 8.0 -16.61966877 59.62344513 0.385022392 33.36184502 6.700252533 0.32864
406 112.0 -8.0 -16.61966877 59.62344513 0.385022392 33.36184502 6.700252533 0.31534
407 112.0 -4.0 -16.61966877 59.62344513 0.385022392 33.36184502 6.700252533 0.31763
408 112.0 0.0 -16.61966877 59.62344513 0.385022392 33.36184502 6.700252533 0.32034
409 112.0 4.0 -16.61966877 59.62344513 0.385022392 33.36184502 6.700252533 0.32435
410 112.0 8.0 -16.61966877 59.62344513 0.385022392 33.36184502 6.700252533 0.32867
411 152.0 -8.0 -16.61966877 59.62344513 0.385022392 33.36184502 6.700252533 0.31071
412 152.0 -4.0 -16.61966877 59.62344513 0.385022392 33.36184502 6.700252533 0.31472
413 152.0 0.0 -16.61966877 59.62344513 0.385022392 33.36184502 6.700252533 0.31977
414 152.0 4.0 -16.61966877 59.62344513 0.385022392 33.36184502 6.700252533 0.32565
415 152.0 8.0 -16.61966877 59.62344513 0.385022392 33.36184502 6.700252533 0.33413
416 192.0 -8.0 -16.61966877 59.62344513 0.385022392 33.36184502 6.700252533 0.30044
417 192.0 -4.0 -16.61966877 59.62344513 0.385022392 33.36184502 6.700252533 0.30982
418 192.0 0.0 -16.61966877 59.62344513 0.385022392 33.36184502 6.700252533 0.32085
419 192.0 4.0 -16.61966877 59.62344513 0.385022392 33.36184502 6.700252533 0.33375
420 192.0 8.0 -16.61966877 59.62344513 0.385022392 33.36184502 6.700252533 0.34463
421 72.0 -8.0 10.90717316 58.05523987 0.609883881 58.25378037 -9.920592499 0.32011
422 72.0 -4.0 10.90717316 58.05523987 0.609883881 58.25378037 -9.920592499 0.32452
423 72.0 0.0 10.90717316 58.05523987 0.609883881 58.25378037 -9.920592499 0.33041
424 72.0 4.0 10.90717316 58.05523987 0.609883881 58.25378037 -9.920592499 0.3367
425 72.0 8.0 10.90717316 58.05523987 0.609883881 58.25378037 -9.920592499 0.34411
426 112.0 -8.0 10.90717316 58.05523987 0.609883881 58.25378037 -9.920592499 0.31477
427 112.0 -4.0 10.90717316 58.05523987 0.609883881 58.25378037 -9.920592499 0.32177
428 112.0 0.0 10.90717316 58.05523987 0.609883881 58.25378037 -9.920592499 0.32898
429 112.0 4.0 10.90717316 58.05523987 0.609883881 58.25378037 -9.920592499 0.33691
430 112.0 8.0 10.90717316 58.05523987 0.609883881 58.25378037 -9.920592499 0.34501
431 152.0 -8.0 10.90717316 58.05523987 0.609883881 58.25378037 -9.920592499 0.30577
432 152.0 -4.0 10.90717316 58.05523987 0.609883881 58.25378037 -9.920592499 0.31672
433 152.0 0.0 10.90717316 58.05523987 0.609883881 58.25378037 -9.920592499 0.32852
434 152.0 4.0 10.90717316 58.05523987 0.609883881 58.25378037 -9.920592499 0.34055
435 152.0 8.0 10.90717316 58.05523987 0.609883881 58.25378037 -9.920592499 0.35414
436 192.0 -8.0 10.90717316 58.05523987 0.609883881 58.25378037 -9.920592499 0.293
437 192.0 -4.0 10.90717316 58.05523987 0.609883881 58.25378037 -9.920592499 0.31285
438 192.0 0.0 10.90717316 58.05523987 0.609883881 58.25378037 -9.920592499 0.33307
439 192.0 4.0 10.90717316 58.05523987 0.609883881 58.25378037 -9.920592499 0.35313
440 192.0 8.0 10.90717316 58.05523987 0.609883881 58.25378037 -9.920592499 0.37066
441 72.0 -8.0 0.301180267 72.46219482 0.14394289 26.52789974 -19.78840828 0.32025
442 72.0 -4.0 0.301180267 72.46219482 0.14394289 26.52789974 -19.78840828 0.32189
443 72.0 0.0 0.301180267 72.46219482 0.14394289 26.52789974 -19.78840828 0.32338
444 72.0 4.0 0.301180267 72.46219482 0.14394289 26.52789974 -19.78840828 0.32526
445 72.0 8.0 0.301180267 72.46219482 0.14394289 26.52789974 -19.78840828 0.32658
446 112.0 -8.0 0.301180267 72.46219482 0.14394289 26.52789974 -19.78840828 0.31805
447 112.0 -4.0 0.301180267 72.46219482 0.14394289 26.52789974 -19.78840828 0.32015
448 112.0 0.0 0.301180267 72.46219482 0.14394289 26.52789974 -19.78840828 0.32233
449 112.0 4.0 0.301180267 72.46219482 0.14394289 26.52789974 -19.78840828 0.32393
450 112.0 8.0 0.301180267 72.46219482 0.14394289 26.52789974 -19.78840828 0.32584
451 152.0 -8.0 0.301180267 72.46219482 0.14394289 26.52789974 -19.78840828 0.31453
452 152.0 -4.0 0.301180267 72.46219482 0.14394289 26.52789974 -19.78840828 0.31815
453 152.0 0.0 0.301180267 72.46219482 0.14394289 26.52789974 -19.78840828 0.3212
454 152.0 4.0 0.301180267 72.46219482 0.14394289 26.52789974 -19.78840828 0.32443
455 152.0 8.0 0.301180267 72.46219482 0.14394289 26.52789974 -19.78840828 0.3278
456 192.0 -8.0 0.301180267 72.46219482 0.14394289 26.52789974 -19.78840828 0.30738
457 192.0 -4.0 0.301180267 72.46219482 0.14394289 26.52789974 -19.78840828 0.31478
458 192.0 0.0 0.301180267 72.46219482 0.14394289 26.52789974 -19.78840828 0.32197
459 192.0 4.0 0.301180267 72.46219482 0.14394289 26.52789974 -19.78840828 0.32847
460 192.0 8.0 0.301180267 72.46219482 0.14394289 26.52789974 -19.78840828 0.33225
461 72.0 -8.0 31.38260803 43.0134655 0.419310379 21.58897793 10.08856201 0.31823
462 72.0 -4.0 31.38260803 43.0134655 0.419310379 21.58897793 10.08856201 0.31879
463 72.0 0.0 31.38260803 43.0134655 0.419310379 21.58897793 10.08856201 0.31959
464 72.0 4.0 31.38260803 43.0134655 0.419310379 21.58897793 10.08856201 0.32034
465 72.0 8.0 31.38260803 43.0134655 0.419310379 21.58897793 10.08856201 0.32144
466 112.0 -8.0 31.38260803 43.0134655 0.419310379 21.58897793 10.08856201 0.31751
467 112.0 -4.0 31.38260803 43.0134655 0.419310379 21.58897793 10.08856201 0.3184
468 112.0 0.0 31.38260803 43.0134655 0.419310379 21.58897793 10.08856201 0.3193
469 112.0 4.0 31.38260803 43.0134655 0.419310379 21.58897793 10.08856201 0.32031
470 112.0 8.0 31.38260803 43.0134655 0.419310379 21.58897793 10.08856201 0.32129
471 152.0 -8.0 31.38260803 43.0134655 0.419310379 21.58897793 10.08856201 0.31582
472 152.0 -4.0 31.38260803 43.0134655 0.419310379 21.58897793 10.08856201 0.31723
473 152.0 0.0 31.38260803 43.0134655 0.419310379 21.58897793 10.08856201 0.31887
474 152.0 4.0 31.38260803 43.0134655 0.419310379 21.58897793 10.08856201 0.32045
475 152.0 8.0 31.38260803 43.0134655 0.419310379 21.58897793 10.08856201 0.32239
476 192.0 -8.0 31.38260803 43.0134655 0.419310379 21.58897793 10.08856201 0.3135
477 192.0 -4.0 31.38260803 43.0134655 0.419310379 21.58897793 10.08856201 0.31727
478 192.0 0.0 31.38260803 43.0134655 0.419310379 21.58897793 10.08856201 0.32125
479 192.0 4.0 31.38260803 43.0134655 0.419310379 21.58897793 10.08856201 0.32528
480 192.0 8.0 31.38260803 43.0134655 0.419310379 21.58897793 10.08856201 0.32911
481 72.0 -8.0 18.64598389 46.89833755 0.638267632 36.95084 29.02496796 0.32062
482 72.0 -4.0 18.64598389 46.89833755 0.638267632 36.95084 29.02496796 0.32143
483 72.0 0.0 18.64598389 46.89833755 0.638267632 36.95084 29.02496796 0.32354
484 72.0 4.0 18.64598389 46.89833755 0.638267632 36.95084 29.02496796 0.32626
485 72.0 8.0 18.64598389 46.89833755 0.638267632 36.95084 29.02496796 0.33043
486 112.0 -8.0 18.64598389 46.89833755 0.638267632 36.95084 29.02496796 0.31852
487 112.0 -4.0 18.64598389 46.89833755 0.638267632 36.95084 29.02496796 0.32036
488 112.0 0.0 18.64598389 46.89833755 0.638267632 36.95084 29.02496796 0.32281
489 112.0 4.0 18.64598389 46.89833755 0.638267632 36.95084 29.02496796 0.32635
490 112.0 8.0 18.64598389 46.89833755 0.638267632 36.95084 29.02496796 0.3304
491 152.0 -8.0 18.64598389 46.89833755 0.638267632 36.95084 29.02496796 0.31459
492 152.0 -4.0 18.64598389 46.89833755 0.638267632 36.95084 29.02496796 0.31798
493 152.0 0.0 18.64598389 46.89833755 0.638267632 36.95084 29.02496796 0.32261
494 152.0 4.0 18.64598389 46.89833755 0.638267632 36.95084 29.02496796 0.32792
495 152.0 8.0 18.64598389 46.89833755 0.638267632 36.95084 29.02496796 0.33476
496 192.0 -8.0 18.64598389 46.89833755 0.638267632 36.95084 29.02496796 0.30877
497 192.0 -4.0 18.64598389 46.89833755 0.638267632 36.95084 29.02496796 0.31733
498 192.0 0.0 18.64598389 46.89833755 0.638267632 36.95084 29.02496796 0.32704
499 192.0 4.0 18.64598389 46.89833755 0.638267632 36.95084 29.02496796 0.33784
500 192.0 8.0 18.64598389 46.89833755 0.638267632 36.95084 29.02496796 0.34864
501 72.0 -8.0 13.26139221 68.55132751 0.308239918 35.51754665 5.844515991 0.32409
502 72.0 -4.0 13.26139221 68.55132751 0.308239918 35.51754665 5.844515991 0.32679
503 72.0 0.0 13.26139221 68.55132751 0.308239918 35.51754665 5.844515991 0.3293
504 72.0 4.0 13.26139221 68.55132751 0.308239918 35.51754665 5.844515991 0.33158
505 72.0 8.0 13.26139221 68.55132751 0.308239918 35.51754665 5.844515991 0.33333
506 112.0 -8.0 13.26139221 68.55132751 0.308239918 35.51754665 5.844515991 0.3212
507 112.0 -4.0 13.26139221 68.55132751 0.308239918 35.51754665 5.844515991 0.32462
508 112.0 0.0 13.26139221 68.55132751 0.308239918 35.51754665 5.844515991 0.32776
509 112.0 4.0 13.26139221 68.55132751 0.308239918 35.51754665 5.844515991 0.33018
510 112.0 8.0 13.26139221 68.55132751 0.308239918 35.51754665 5.844515991 0.33243
511 152.0 -8.0 13.26139221 68.55132751 0.308239918 35.51754665 5.844515991 0.31679
512 152.0 -4.0 13.26139221 68.55132751 0.308239918 35.51754665 5.844515991 0.32188
513 152.0 0.0 13.26139221 68.55132751 0.308239918 35.51754665 5.844515991 0.32659
514 152.0 4.0 13.26139221 68.55132751 0.308239918 35.51754665 5.844515991 0.33109
515 152.0 8.0 13.26139221 68.55132751 0.308239918 35.51754665 5.844515991 0.33574
516 192.0 -8.0 13.26139221 68.55132751 0.308239918 35.51754665 5.844515991 0.30952
517 192.0 -4.0 13.26139221 68.55132751 0.308239918 35.51754665 5.844515991 0.31919
518 192.0 0.0 13.26139221 68.55132751 0.308239918 35.51754665 5.844515991 0.32877
519 192.0 4.0 13.26139221 68.55132751 0.308239918 35.51754665 5.844515991 0.33733
520 192.0 8.0 13.26139221 68.55132751 0.308239918 35.51754665 5.844515991 0.34377
521 72.0 -8.0 20.95998383 40.39145193 0.428022881 34.65292549 -4.862571716 0.31563
522 72.0 -4.0 20.95998383 40.39145193 0.428022881 34.65292549 -4.862571716 0.31718
523 72.0 0.0 20.95998383 40.39145193 0.428022881 34.65292549 -4.862571716 0.31943
524 72.0 4.0 20.95998383 40.39145193 0.428022881 34.65292549 -4.862571716 0.32157
525 72.0 8.0 20.95998383 40.39145193 0.428022881 34.65292549 -4.862571716 0.3247
526 112.0 -8.0 20.95998383 40.39145193 0.428022881 34.65292549 -4.862571716 0.31441
527 112.0 -4.0 20.95998383 40.39145193 0.428022881 34.65292549 -4.862571716 0.31676
528 112.0 0.0 20.95998383 40.39145193 0.428022881 34.65292549 -4.862571716 0.31913
529 112.0 4.0 20.95998383 40.39145193 0.428022881 34.65292549 -4.862571716 0.3222
530 112.0 8.0 20.95998383 40.39145193 0.428022881 34.65292549 -4.862571716 0.32522
531 152.0 -8.0 20.95998383 40.39145193 0.428022881 34.65292549 -4.862571716 0.31081
532 152.0 -4.0 20.95998383 40.39145193 0.428022881 34.65292549 -4.862571716 0.31466
533 152.0 0.0 20.95998383 40.39145193 0.428022881 34.65292549 -4.862571716 0.3192
534 152.0 4.0 20.95998383 40.39145193 0.428022881 34.65292549 -4.862571716 0.32364
535 152.0 8.0 20.95998383 40.39145193 0.428022881 34.65292549 -4.862571716 0.32887
536 192.0 -8.0 20.95998383 40.39145193 0.428022881 34.65292549 -4.862571716 0.30541
537 192.0 -4.0 20.95998383 40.39145193 0.428022881 34.65292549 -4.862571716 0.31434
538 192.0 0.0 20.95998383 40.39145193 0.428022881 34.65292549 -4.862571716 0.32354
539 192.0 4.0 20.95998383 40.39145193 0.428022881 34.65292549 -4.862571716 0.33314
540 192.0 8.0 20.95998383 40.39145193 0.428022881 34.65292549 -4.862571716 0.34253
541 72.0 -8.0 -15.55617819 41.1422061 0.267613716 42.8384304 2.850395966 0.31637
542 72.0 -4.0 -15.55617819 41.1422061 0.267613716 42.8384304 2.850395966 0.31449
543 72.0 0.0 -15.55617819 41.1422061 0.267613716 42.8384304 2.850395966 0.31703
544 72.0 4.0 -15.55617819 41.1422061 0.267613716 42.8384304 2.850395966 0.32073
545 72.0 8.0 -15.55617819 41.1422061 0.267613716 42.8384304 2.850395966 0.32863
546 112.0 -8.0 -15.55617819 41.1422061 0.267613716 42.8384304 2.850395966 0.3121
547 112.0 -4.0 -15.55617819 41.1422061 0.267613716 42.8384304 2.850395966 0.31433
548 112.0 0.0 -15.55617819 41.1422061 0.267613716 42.8384304 2.850395966 0.31696
549 112.0 4.0 -15.55617819 41.1422061 0.267613716 42.8384304 2.850395966 0.32267
550 112.0 8.0 -15.55617819 41.1422061 0.267613716 42.8384304 2.850395966 0.32889
551 152.0 -8.0 -15.55617819 41.1422061 0.267613716 42.8384304 2.850395966 0.30783
552 152.0 -4.0 -15.55617819 41.1422061 0.267613716 42.8384304 2.850395966 0.31056
553 152.0 0.0 -15.55617819 41.1422061 0.267613716 42.8384304 2.850395966 0.31686
554 152.0 4.0 -15.55617819 41.1422061 0.267613716 42.8384304 2.850395966 0.32457
555 152.0 8.0 -15.55617819 41.1422061 0.267613716 42.8384304 2.850395966 0.33563
556 192.0 -8.0 -15.55617819 41.1422061 0.267613716 42.8384304 2.850395966 0.2932
557 192.0 -4.0 -15.55617819 41.1422061 0.267613716 42.8384304 2.850395966 0.30392
558 192.0 0.0 -15.55617819 41.1422061 0.267613716 42.8384304 2.850395966 0.31622
559 192.0 4.0 -15.55617819 41.1422061 0.267613716 42.8384304 2.850395966 0.33067
560 192.0 8.0 -15.55617819 41.1422061 0.267613716 42.8384304 2.850395966 0.34638
561 72.0 -8.0 7.479832459 45.59672394 0.44256649 38.13212013 -23.50473862 0.3152
562 72.0 -4.0 7.479832459 45.59672394 0.44256649 38.13212013 -23.50473862 0.31663
563 72.0 0.0 7.479832459 45.59672394 0.44256649 38.13212013 -23.50473862 0.31988
564 72.0 4.0 7.479832459 45.59672394 0.44256649 38.13212013 -23.50473862 0.32285
565 72.0 8.0 7.479832459 45.59672394 0.44256649 38.13212013 -23.50473862 0.32772
566 112.0 -8.0 7.479832459 45.59672394 0.44256649 38.13212013 -23.50473862 0.31249
567 112.0 -4.0 7.479832459 45.59672394 0.44256649 38.13212013 -23.50473862 0.31622
568 112.0 0.0 7.479832459 45.59672394 0.44256649 38.13212013 -23.50473862 0.31938
569 112.0 4.0 7.479832459 45.59672394 0.44256649 38.13212013 -23.50473862 0.32373
570 112.0 8.0 7.479832459 45.59672394 0.44256649 38.13212013 -23.50473862 0.32748
571 152.0 -8.0 7.479832459 45.59672394 0.44256649 38.13212013 -23.50473862 0.30811
572 152.0 -4.0 7.479832459 45.59672394 0.44256649 38.13212013 -23.50473862 0.31303
573 152.0 0.0 7.479832459 45.59672394 0.44256649 38.13212013 -23.50473862 0.31926
574 152.0 4.0 7.479832459 45.59672394 0.44256649 38.13212013 -23.50473862 0.32525
575 152.0 8.0 7.479832459 45.59672394 0.44256649 38.13212013 -23.50473862 0.33283
576 192.0 -8.0 7.479832459 45.59672394 0.44256649 38.13212013 -23.50473862 0.29786
577 192.0 -4.0 7.479832459 45.59672394 0.44256649 38.13212013 -23.50473862 0.30998
578 192.0 0.0 7.479832459 45.59672394 0.44256649 38.13212013 -23.50473862 0.32203
579 192.0 4.0 7.479832459 45.59672394 0.44256649 38.13212013 -23.50473862 0.33483
580 192.0 8.0 7.479832459 45.59672394 0.44256649 38.13212013 -23.50473862 0.34671
581 72.0 -8.0 2.67508316 76.10374146 0.49692791 56.97301865 16.44616699 0.33082
582 72.0 -4.0 2.67508316 76.10374146 0.49692791 56.97301865 16.44616699 0.33513
583 72.0 0.0 2.67508316 76.10374146 0.49692791 56.97301865 16.44616699 0.34016
584 72.0 4.0 2.67508316 76.10374146 0.49692791 56.97301865 16.44616699 0.34651
585 72.0 8.0 2.67508316 76.10374146 0.49692791 56.97301865 16.44616699 0.35299
586 112.0 -8.0 2.67508316 76.10374146 0.49692791 56.97301865 16.44616699 0.3245
587 112.0 -4.0 2.67508316 76.10374146 0.49692791 56.97301865 16.44616699 0.33039
588 112.0 0.0 2.67508316 76.10374146 0.49692791 56.97301865 16.44616699 0.3374
589 112.0 4.0 2.67508316 76.10374146 0.49692791 56.97301865 16.44616699 0.34454
590 112.0 8.0 2.67508316 76.10374146 0.49692791 56.97301865 16.44616699 0.35301
591 152.0 -8.0 2.67508316 76.10374146 0.49692791 56.97301865 16.44616699 0.31508
592 152.0 -4.0 2.67508316 76.10374146 0.49692791 56.97301865 16.44616699 0.32517
593 152.0 0.0 2.67508316 76.10374146 0.49692791 56.97301865 16.44616699 0.3359
594 152.0 4.0 2.67508316 76.10374146 0.49692791 56.97301865 16.44616699 0.34801
595 152.0 8.0 2.67508316 76.10374146 0.49692791 56.97301865 16.44616699 0.36134
596 192.0 -8.0 2.67508316 76.10374146 0.49692791 56.97301865 16.44616699 0.30167
597 192.0 -4.0 2.67508316 76.10374146 0.49692791 56.97301865 16.44616699 0.31944
598 192.0 0.0 2.67508316 76.10374146 0.49692791 56.97301865 16.44616699 0.33835
599 192.0 4.0 2.67508316 76.10374146 0.49692791 56.97301865 16.44616699 0.35651
600 192.0 8.0 2.67508316 76.10374146 0.49692791 56.97301865 16.44616699 0.37138
601 72.0 -8.0 37.36599579 51.93056183 0.013969978 52.40782547 -12.53885078 0.31622
602 72.0 -4.0 37.36599579 51.93056183 0.013969978 52.40782547 -12.53885078 0.32074
603 72.0 0.0 37.36599579 51.93056183 0.013969978 52.40782547 -12.53885078 0.32414
604 72.0 4.0 37.36599579 51.93056183 0.013969978 52.40782547 -12.53885078 0.3261
605 72.0 8.0 37.36599579 51.93056183 0.013969978 52.40782547 -12.53885078 0.3271
606 112.0 -8.0 37.36599579 51.93056183 0.013969978 52.40782547 -12.53885078 0.31439
607 112.0 -4.0 37.36599579 51.93056183 0.013969978 52.40782547 -12.53885078 0.31964
608 112.0 0.0 37.36599579 51.93056183 0.013969978 52.40782547 -12.53885078 0.32366
609 112.0 4.0 37.36599579 51.93056183 0.013969978 52.40782547 -12.53885078 0.32634
610 112.0 8.0 37.36599579 51.93056183 0.013969978 52.40782547 -12.53885078 0.32789
611 152.0 -8.0 37.36599579 51.93056183 0.013969978 52.40782547 -12.53885078 0.31053
612 152.0 -4.0 37.36599579 51.93056183 0.013969978 52.40782547 -12.53885078 0.31761
613 152.0 0.0 37.36599579 51.93056183 0.013969978 52.40782547 -12.53885078 0.3237
614 152.0 4.0 37.36599579 51.93056183 0.013969978 52.40782547 -12.53885078 0.32852
615 152.0 8.0 37.36599579 51.93056183 0.013969978 52.40782547 -12.53885078 0.33263
616 192.0 -8.0 37.36599579 51.93056183 0.013969978 52.40782547 -12.53885078 0.30579
617 192.0 -4.0 37.36599579 51.93056183 0.013969978 52.40782547 -12.53885078 0.31737
618 192.0 0.0 37.36599579 51.93056183 0.013969978 52.40782547 -12.53885078 0.32782
619 192.0 4.0 37.36599579 51.93056183 0.013969978 52.40782547 -12.53885078 0.33653
620 192.0 8.0 37.36599579 51.93056183 0.013969978 52.40782547 -12.53885078 0.34393
621 72.0 -8.0 -3.884813309 76.93404541 0.234306774 37.75409889 10.98870392 0.32421
622 72.0 -4.0 -3.884813309 76.93404541 0.234306774 37.75409889 10.98870392 0.32703
623 72.0 0.0 -3.884813309 76.93404541 0.234306774 37.75409889 10.98870392 0.32965
624 72.0 4.0 -3.884813309 76.93404541 0.234306774 37.75409889 10.98870392 0.33303
625 72.0 8.0 -3.884813309 76.93404541 0.234306774 37.75409889 10.98870392 0.3357
626 112.0 -8.0 -3.884813309 76.93404541 0.234306774 37.75409889 10.98870392 0.32075
627 112.0 -4.0 -3.884813309 76.93404541 0.234306774 37.75409889 10.98870392 0.32402
628 112.0 0.0 -3.884813309 76.93404541 0.234306774 37.75409889 10.98870392 0.32789
629 112.0 4.0 -3.884813309 76.93404541 0.234306774 37.75409889 10.98870392 0.33125
630 112.0 8.0 -3.884813309 76.93404541 0.234306774 37.75409889 10.98870392 0.33542
631 152.0 -8.0 -3.884813309 76.93404541 0.234306774 37.75409889 10.98870392 0.31459
632 152.0 -4.0 -3.884813309 76.93404541 0.234306774 37.75409889 10.98870392 0.3207
633 152.0 0.0 -3.884813309 76.93404541 0.234306774 37.75409889 10.98870392 0.32647
634 152.0 4.0 -3.884813309 76.93404541 0.234306774 37.75409889 10.98870392 0.33286
635 152.0 8.0 -3.884813309 76.93404541 0.234306774 37.75409889 10.98870392 0.33942
636 192.0 -8.0 -3.884813309 76.93404541 0.234306774 37.75409889 10.98870392 0.30518
637 192.0 -4.0 -3.884813309 76.93404541 0.234306774 37.75409889 10.98870392 0.3166
638 192.0 0.0 -3.884813309 76.93404541 0.234306774 37.75409889 10.98870392 0.32852
639 192.0 4.0 -3.884813309 76.93404541 0.234306774 37.75409889 10.98870392 0.33962
640 192.0 8.0 -3.884813309 76.93404541 0.234306774 37.75409889 10.98870392 0.34709
641 72.0 -8.0 4.739025116 74.01487427 0.739712296 28.96935654 -3.258094025 0.33109
642 72.0 -4.0 4.739025116 74.01487427 0.739712296 28.96935654 -3.258094025 0.33269
643 72.0 0.0 4.739025116 74.01487427 0.739712296 28.96935654 -3.258094025 0.33434
644 72.0 4.0 4.739025116 74.01487427 0.739712296 28.96935654 -3.258094025 0.33654
645 72.0 8.0 4.739025116 74.01487427 0.739712296 28.96935654 -3.258094025 0.33834
646 112.0 -8.0 4.739025116 74.01487427 0.739712296 28.96935654 -3.258094025 0.3272
647 112.0 -4.0 4.739025116 74.01487427 0.739712296 28.96935654 -3.258094025 0.32941
648 112.0 0.0 4.739025116 74.01487427 0.739712296 28.96935654 -3.258094025 0.33188
649 112.0 4.0 4.739025116 74.01487427 0.739712296 28.96935654 -3.258094025 0.33395
650 112.0 8.0 4.739025116 74.01487427 0.739712296 28.96935654 -3.258094025 0.33637
651 152.0 -8.0 4.739025116 74.01487427 0.739712296 28.96935654 -3.258094025 0.32211
652 152.0 -4.0 4.739025116 74.01487427 0.739712296 28.96935654 -3.258094025 0.32589
653 152.0 0.0 4.739025116 74.01487427 0.739712296 28.96935654 -3.258094025 0.32951
654 152.0 4.0 4.739025116 74.01487427 0.739712296 28.96935654 -3.258094025 0.3336
655 152.0 8.0 4.739025116 74.01487427 0.739712296 28.96935654 -3.258094025 0.33797
656 192.0 -8.0 4.739025116 74.01487427 0.739712296 28.96935654 -3.258094025 0.31343
657 192.0 -4.0 4.739025116 74.01487427 0.739712296 28.96935654 -3.258094025 0.32111
658 192.0 0.0 4.739025116 74.01487427 0.739712296 28.96935654 -3.258094025 0.32927
659 192.0 4.0 4.739025116 74.01487427 0.739712296 28.96935654 -3.258094025 0.33697
660 192.0 8.0 4.739025116 74.01487427 0.739712296 28.96935654 -3.258094025 0.34237
661 72.0 -8.0 37.69750824 67.40975952 0.842797394 68.33690262 -13.61334229 0.31077
662 72.0 -4.0 37.69750824 67.40975952 0.842797394 68.33690262 -13.61334229 0.32137
663 72.0 0.0 37.69750824 67.40975952 0.842797394 68.33690262 -13.61334229 0.32865
664 72.0 4.0 37.69750824 67.40975952 0.842797394 68.33690262 -13.61334229 0.3323
665 72.0 8.0 37.69750824 67.40975952 0.842797394 68.33690262 -13.61334229 0.3328
666 112.0 -8.0 37.69750824 67.40975952 0.842797394 68.33690262 -13.61334229 0.30732
667 112.0 -4.0 37.69750824 67.40975952 0.842797394 68.33690262 -13.61334229 0.3191
668 112.0 0.0 37.69750824 67.40975952 0.842797394 68.33690262 -13.61334229 0.32793
669 112.0 4.0 37.69750824 67.40975952 0.842797394 68.33690262 -13.61334229 0.33343
670 112.0 8.0 37.69750824 67.40975952 0.842797394 68.33690262 -13.61334229 0.33621
671 152.0 -8.0 37.69750824 67.40975952 0.842797394 68.33690262 -13.61334229 0.30137
672 152.0 -4.0 37.69750824 67.40975952 0.842797394 68.33690262 -13.61334229 0.31649
673 152.0 0.0 37.69750824 67.40975952 0.842797394 68.33690262 -13.61334229 0.32909
674 152.0 4.0 37.69750824 67.40975952 0.842797394 68.33690262 -13.61334229 0.3389
675 152.0 8.0 37.69750824 67.40975952 0.842797394 68.33690262 -13.61334229 0.34657
676 192.0 -8.0 37.69750824 67.40975952 0.842797394 68.33690262 -13.61334229 0.29614
677 192.0 -4.0 37.69750824 67.40975952 0.842797394 68.33690262 -13.61334229 0.31671
678 192.0 0.0 37.69750824 67.40975952 0.842797394 68.33690262 -13.61334229 0.33511
679 192.0 4.0 37.69750824 67.40975952 0.842797394 68.33690262 -13.61334229 0.35018
680 192.0 8.0 37.69750824 67.40975952 0.842797394 68.33690262 -13.61334229 0.36325
681 72.0 -8.0 -17.8645 57.36802368 0.783483276 69.74373245 -27.53401394 0.31801
682 72.0 -4.0 -17.8645 57.36802368 0.783483276 69.74373245 -27.53401394 0.3176
683 72.0 0.0 -17.8645 57.36802368 0.783483276 69.74373245 -27.53401394 0.32432
684 72.0 4.0 -17.8645 57.36802368 0.783483276 69.74373245 -27.53401394 0.3345
685 72.0 8.0 -17.8645 57.36802368 0.783483276 69.74373245 -27.53401394 0.34946
686 112.0 -8.0 -17.8645 57.36802368 0.783483276 69.74373245 -27.53401394 0.30681
687 112.0 -4.0 -17.8645 57.36802368 0.783483276 69.74373245 -27.53401394 0.31416
688 112.0 0.0 -17.8645 57.36802368 0.783483276 69.74373245 -27.53401394 0.32363
689 112.0 4.0 -17.8645 57.36802368 0.783483276 69.74373245 -27.53401394 0.33707
690 112.0 8.0 -17.8645 57.36802368 0.783483276 69.74373245 -27.53401394 0.35252
691 152.0 -8.0 -17.8645 57.36802368 0.783483276 69.74373245 -27.53401394 0.29366
692 152.0 -4.0 -17.8645 57.36802368 0.783483276 69.74373245 -27.53401394 0.30665
693 152.0 0.0 -17.8645 57.36802368 0.783483276 69.74373245 -27.53401394 0.32298
694 152.0 4.0 -17.8645 57.36802368 0.783483276 69.74373245 -27.53401394 0.34231
695 152.0 8.0 -17.8645 57.36802368 0.783483276 69.74373245 -27.53401394 0.36743
696 192.0 -8.0 -17.8645 57.36802368 0.783483276 69.74373245 -27.53401394 0.2698
697 192.0 -4.0 -17.8645 57.36802368 0.783483276 69.74373245 -27.53401394 0.29495
698 192.0 0.0 -17.8645 57.36802368 0.783483276 69.74373245 -27.53401394 0.32329
699 192.0 4.0 -17.8645 57.36802368 0.783483276 69.74373245 -27.53401394 0.35447
700 192.0 8.0 -17.8645 57.36802368 0.783483276 69.74373245 -27.53401394 0.38364
701 72.0 -8.0 -14.97090302 50.17272644 0.915470047 66.29545593 27.00029755 0.32455
702 72.0 -4.0 -14.97090302 50.17272644 0.915470047 66.29545593 27.00029755 0.3215
703 72.0 0.0 -14.97090302 50.17272644 0.915470047 66.29545593 27.00029755 0.32681
704 72.0 4.0 -14.97090302 50.17272644 0.915470047 66.29545593 27.00029755 0.3367
705 72.0 8.0 -14.97090302 50.17272644 0.915470047 66.29545593 27.00029755 0.35383
706 112.0 -8.0 -14.97090302 50.17272644 0.915470047 66.29545593 27.00029755 0.31466
707 112.0 -4.0 -14.97090302 50.17272644 0.915470047 66.29545593 27.00029755 0.31859
708 112.0 0.0 -14.97090302 50.17272644 0.915470047 66.29545593 27.00029755 0.32588
709 112.0 4.0 -14.97090302 50.17272644 0.915470047 66.29545593 27.00029755 0.3391
710 112.0 8.0 -14.97090302 50.17272644 0.915470047 66.29545593 27.00029755 0.35533
711 152.0 -8.0 -14.97090302 50.17272644 0.915470047 66.29545593 27.00029755 0.30466
712 152.0 -4.0 -14.97090302 50.17272644 0.915470047 66.29545593 27.00029755 0.31222
713 152.0 0.0 -14.97090302 50.17272644 0.915470047 66.29545593 27.00029755 0.32594
714 152.0 4.0 -14.97090302 50.17272644 0.915470047 66.29545593 27.00029755 0.34441
715 152.0 8.0 -14.97090302 50.17272644 0.915470047 66.29545593 27.00029755 0.37079
716 192.0 -8.0 -14.97090302 50.17272644 0.915470047 66.29545593 27.00029755 0.28635
717 192.0 -4.0 -14.97090302 50.17272644 0.915470047 66.29545593 27.00029755 0.30523
718 192.0 0.0 -14.97090302 50.17272644 0.915470047 66.29545593 27.00029755 0.32921
719 192.0 4.0 -14.97090302 50.17272644 0.915470047 66.29545593 27.00029755 0.35886
720 192.0 8.0 -14.97090302 50.17272644 0.915470047 66.29545593 27.00029755 0.39005
721 72.0 -8.0 9.612512207 79.53262634 0.183789902 60.40787506 -6.503453064 0.32334
722 72.0 -4.0 9.612512207 79.53262634 0.183789902 60.40787506 -6.503453064 0.3318
723 72.0 0.0 9.612512207 79.53262634 0.183789902 60.40787506 -6.503453064 0.3383
724 72.0 4.0 9.612512207 79.53262634 0.183789902 60.40787506 -6.503453064 0.34309
725 72.0 8.0 9.612512207 79.53262634 0.183789902 60.40787506 -6.503453064 0.3456
726 112.0 -8.0 9.612512207 79.53262634 0.183789902 60.40787506 -6.503453064 0.3178
727 112.0 -4.0 9.612512207 79.53262634 0.183789902 60.40787506 -6.503453064 0.32754
728 112.0 0.0 9.612512207 79.53262634 0.183789902 60.40787506 -6.503453064 0.33576
729 112.0 4.0 9.612512207 79.53262634 0.183789902 60.40787506 -6.503453064 0.34151
730 112.0 8.0 9.612512207 79.53262634 0.183789902 60.40787506 -6.503453064 0.3461
731 152.0 -8.0 9.612512207 79.53262634 0.183789902 60.40787506 -6.503453064 0.30894
732 152.0 -4.0 9.612512207 79.53262634 0.183789902 60.40787506 -6.503453064 0.32268
733 152.0 0.0 9.612512207 79.53262634 0.183789902 60.40787506 -6.503453064 0.33449
734 152.0 4.0 9.612512207 79.53262634 0.183789902 60.40787506 -6.503453064 0.34484
735 152.0 8.0 9.612512207 79.53262634 0.183789902 60.40787506 -6.503453064 0.35401
736 192.0 -8.0 9.612512207 79.53262634 0.183789902 60.40787506 -6.503453064 0.29621
737 192.0 -4.0 9.612512207 79.53262634 0.183789902 60.40787506 -6.503453064 0.31723
738 192.0 0.0 9.612512207 79.53262634 0.183789902 60.40787506 -6.503453064 0.33655
739 192.0 4.0 9.612512207 79.53262634 0.183789902 60.40787506 -6.503453064 0.35233
740 192.0 8.0 9.612512207 79.53262634 0.183789902 60.40787506 -6.503453064 0.36391
741 72.0 -8.0 -13.13537025 61.05 0.957161102 61.30698013 -28.96944795 0.32091
742 72.0 -4.0 -13.13537025 61.05 0.957161102 61.30698013 -28.96944795 0.32254
743 72.0 0.0 -13.13537025 61.05 0.957161102 61.30698013 -28.96944795 0.32908
744 72.0 4.0 -13.13537025 61.05 0.957161102 61.30698013 -28.96944795 0.33802
745 72.0 8.0 -13.13537025 61.05 0.957161102 61.30698013 -28.96944795 0.34973
746 112.0 -8.0 -13.13537025 61.05 0.957161102 61.30698013 -28.96944795 0.31152
747 112.0 -4.0 -13.13537025 61.05 0.957161102 61.30698013 -28.96944795 0.3189
748 112.0 0.0 -13.13537025 61.05 0.957161102 61.30698013 -28.96944795 0.32765
749 112.0 4.0 -13.13537025 61.05 0.957161102 61.30698013 -28.96944795 0.33896
750 112.0 8.0 -13.13537025 61.05 0.957161102 61.30698013 -28.96944795 0.35157
751 152.0 -8.0 -13.13537025 61.05 0.957161102 61.30698013 -28.96944795 0.2993
752 152.0 -4.0 -13.13537025 61.05 0.957161102 61.30698013 -28.96944795 0.31186
753 152.0 0.0 -13.13537025 61.05 0.957161102 61.30698013 -28.96944795 0.32656
754 152.0 4.0 -13.13537025 61.05 0.957161102 61.30698013 -28.96944795 0.3433
755 152.0 8.0 -13.13537025 61.05 0.957161102 61.30698013 -28.96944795 0.36436
756 192.0 -8.0 -13.13537025 61.05 0.957161102 61.30698013 -28.96944795 0.2789
757 192.0 -4.0 -13.13537025 61.05 0.957161102 61.30698013 -28.96944795 0.30248
758 192.0 0.0 -13.13537025 61.05 0.957161102 61.30698013 -28.96944795 0.32821
759 192.0 4.0 -13.13537025 61.05 0.957161102 61.30698013 -28.96944795 0.3561
760 192.0 8.0 -13.13537025 61.05 0.957161102 61.30698013 -28.96944795 0.38021
761 72.0 -8.0 31.85651703 69.86342163 0.36390789 62.87457275 2.002677155 0.31369
762 72.0 -4.0 31.85651703 69.86342163 0.36390789 62.87457275 2.002677155 0.3224
763 72.0 0.0 31.85651703 69.86342163 0.36390789 62.87457275 2.002677155 0.3283
764 72.0 4.0 31.85651703 69.86342163 0.36390789 62.87457275 2.002677155 0.33107
765 72.0 8.0 31.85651703 69.86342163 0.36390789 62.87457275 2.002677155 0.33113
766 112.0 -8.0 31.85651703 69.86342163 0.36390789 62.87457275 2.002677155 0.31094
767 112.0 -4.0 31.85651703 69.86342163 0.36390789 62.87457275 2.002677155 0.32046
768 112.0 0.0 31.85651703 69.86342163 0.36390789 62.87457275 2.002677155 0.32747
769 112.0 4.0 31.85651703 69.86342163 0.36390789 62.87457275 2.002677155 0.33156
770 112.0 8.0 31.85651703 69.86342163 0.36390789 62.87457275 2.002677155 0.33337
771 152.0 -8.0 31.85651703 69.86342163 0.36390789 62.87457275 2.002677155 0.30593
772 152.0 -4.0 31.85651703 69.86342163 0.36390789 62.87457275 2.002677155 0.31815
773 152.0 0.0 31.85651703 69.86342163 0.36390789 62.87457275 2.002677155 0.32819
774 152.0 4.0 31.85651703 69.86342163 0.36390789 62.87457275 2.002677155 0.33581
775 152.0 8.0 31.85651703 69.86342163 0.36390789 62.87457275 2.002677155 0.34166
776 192.0 -8.0 31.85651703 69.86342163 0.36390789 62.87457275 2.002677155 0.30074
777 192.0 -4.0 31.85651703 69.86342163 0.36390789 62.87457275 2.002677155 0.31799
778 192.0 0.0 31.85651703 69.86342163 0.36390789 62.87457275 2.002677155 0.33341
779 192.0 4.0 31.85651703 69.86342163 0.36390789 62.87457275 2.002677155 0.34575
780 192.0 8.0 31.85651703 69.86342163 0.36390789 62.87457275 2.002677155 0.35614
781 72.0 -8.0 33.99164581 55.42463226 0.99707489 40.90937805 18.49415131 0.32116
782 72.0 -4.0 33.99164581 55.42463226 0.99707489 40.90937805 18.49415131 0.32286
783 72.0 0.0 33.99164581 55.42463226 0.99707489 40.90937805 18.49415131 0.3252
784 72.0 4.0 33.99164581 55.42463226 0.99707489 40.90937805 18.49415131 0.32792
785 72.0 8.0 33.99164581 55.42463226 0.99707489 40.90937805 18.49415131 0.33135
786 112.0 -8.0 33.99164581 55.42463226 0.99707489 40.90937805 18.49415131 0.31916
787 112.0 -4.0 33.99164581 55.42463226 0.99707489 40.90937805 18.49415131 0.32162
788 112.0 0.0 33.99164581 55.42463226 0.99707489 40.90937805 18.49415131 0.32457
789 112.0 4.0 33.99164581 55.42463226 0.99707489 40.90937805 18.49415131 0.32788
790 112.0 8.0 33.99164581 55.42463226 0.99707489 40.90937805 18.49415131 0.33171
791 152.0 -8.0 33.99164581 55.42463226 0.99707489 40.90937805 18.49415131 0.3156
792 152.0 -4.0 33.99164581 55.42463226 0.99707489 40.90937805 18.49415131 0.31978
793 152.0 0.0 33.99164581 55.42463226 0.99707489 40.90937805 18.49415131 0.32472
794 152.0 4.0 33.99164581 55.42463226 0.99707489 40.90937805 18.49415131 0.33022
795 152.0 8.0 33.99164581 55.42463226 0.99707489 40.90937805 18.49415131 0.33672
796 192.0 -8.0 33.99164581 55.42463226 0.99707489 40.90937805 18.49415131 0.31108
797 192.0 -4.0 33.99164581 55.42463226 0.99707489 40.90937805 18.49415131 0.31967
798 192.0 0.0 33.99164581 55.42463226 0.99707489 40.90937805 18.49415131 0.32908
799 192.0 4.0 33.99164581 55.42463226 0.99707489 40.90937805 18.49415131 0.33879
800 192.0 8.0 33.99164581 55.42463226 0.99707489 40.90937805 18.49415131 0.3489
801 72.0 -8.0 14.37787781 65.26130371 0.67759964 51.01711082 -21.9954237 0.32531
802 72.0 -4.0 14.37787781 65.26130371 0.67759964 51.01711082 -21.9954237 0.33036
803 72.0 0.0 14.37787781 65.26130371 0.67759964 51.01711082 -21.9954237 0.33549
804 72.0 4.0 14.37787781 65.26130371 0.67759964 51.01711082 -21.9954237 0.34027
805 72.0 8.0 14.37787781 65.26130371 0.67759964 51.01711082 -21.9954237 0.34474
806 112.0 -8.0 14.37787781 65.26130371 0.67759964 51.01711082 -21.9954237 0.32037
807 112.0 -4.0 14.37787781 65.26130371 0.67759964 51.01711082 -21.9954237 0.32701
808 112.0 0.0 14.37787781 65.26130371 0.67759964 51.01711082 -21.9954237 0.33333
809 112.0 4.0 14.37787781 65.26130371 0.67759964 51.01711082 -21.9954237 0.33911
810 112.0 8.0 14.37787781 65.26130371 0.67759964 51.01711082 -21.9954237 0.34468
811 152.0 -8.0 14.37787781 65.26130371 0.67759964 51.01711082 -21.9954237 0.31188
812 152.0 -4.0 14.37787781 65.26130371 0.67759964 51.01711082 -21.9954237 0.32205
813 152.0 0.0 14.37787781 65.26130371 0.67759964 51.01711082 -21.9954237 0.33188
814 152.0 4.0 14.37787781 65.26130371 0.67759964 51.01711082 -21.9954237 0.34131
815 152.0 8.0 14.37787781 65.26130371 0.67759964 51.01711082 -21.9954237 0.3511
816 192.0 -8.0 14.37787781 65.26130371 0.67759964 51.01711082 -21.9954237 0.2999
817 192.0 -4.0 14.37787781 65.26130371 0.67759964 51.01711082 -21.9954237 0.31739
818 192.0 0.0 14.37787781 65.26130371 0.67759964 51.01711082 -21.9954237 0.33452
819 192.0 4.0 14.37787781 65.26130371 0.67759964 51.01711082 -21.9954237 0.3502
820 192.0 8.0 14.37787781 65.26130371 0.67759964 51.01711082 -21.9954237 0.36295
821 72.0 -8.0 8.00506134 52.91428528 0.595406151 54.22040558 -9.530477142 0.31763
822 72.0 -4.0 8.00506134 52.91428528 0.595406151 54.22040558 -9.530477142 0.32083
823 72.0 0.0 8.00506134 52.91428528 0.595406151 54.22040558 -9.530477142 0.32619
824 72.0 4.0 8.00506134 52.91428528 0.595406151 54.22040558 -9.530477142 0.33189
825 72.0 8.0 8.00506134 52.91428528 0.595406151 54.22040558 -9.530477142 0.33949
826 112.0 -8.0 8.00506134 52.91428528 0.595406151 54.22040558 -9.530477142 0.31269
827 112.0 -4.0 8.00506134 52.91428528 0.595406151 54.22040558 -9.530477142 0.31892
828 112.0 0.0 8.00506134 52.91428528 0.595406151 54.22040558 -9.530477142 0.32517
829 112.0 4.0 8.00506134 52.91428528 0.595406151 54.22040558 -9.530477142 0.33267
830 112.0 8.0 8.00506134 52.91428528 0.595406151 54.22040558 -9.530477142 0.34008
831 152.0 -8.0 8.00506134 52.91428528 0.595406151 54.22040558 -9.530477142 0.30486
832 152.0 -4.0 8.00506134 52.91428528 0.595406151 54.22040558 -9.530477142 0.31423
833 152.0 0.0 8.00506134 52.91428528 0.595406151 54.22040558 -9.530477142 0.325
834 152.0 4.0 8.00506134 52.91428528 0.595406151 54.22040558 -9.530477142 0.33602
835 152.0 8.0 8.00506134 52.91428528 0.595406151 54.22040558 -9.530477142 0.34912
836 192.0 -8.0 8.00506134 52.91428528 0.595406151 54.22040558 -9.530477142 0.29227
837 192.0 -4.0 8.00506134 52.91428528 0.595406151 54.22040558 -9.530477142 0.31071
838 192.0 0.0 8.00506134 52.91428528 0.595406151 54.22040558 -9.530477142 0.32962
839 192.0 4.0 8.00506134 52.91428528 0.595406151 54.22040558 -9.530477142 0.34921
840 192.0 8.0 8.00506134 52.91428528 0.595406151 54.22040558 -9.530477142 0.3668
841 72.0 -8.0 38.83880005 47.85070267 0.653621521 64.38370514 -16.40219078 0.31575
842 72.0 -4.0 38.83880005 47.85070267 0.653621521 64.38370514 -16.40219078 0.32212
843 72.0 0.0 38.83880005 47.85070267 0.653621521 64.38370514 -16.40219078 0.32762
844 72.0 4.0 38.83880005 47.85070267 0.653621521 64.38370514 -16.40219078 0.33186
845 72.0 8.0 38.83880005 47.85070267 0.653621521 64.38370514 -16.40219078 0.33541
846 112.0 -8.0 38.83880005 47.85070267 0.653621521 64.38370514 -16.40219078 0.31239
847 112.0 -4.0 38.83880005 47.85070267 0.653621521 64.38370514 -16.40219078 0.32015
848 112.0 0.0 38.83880005 47.85070267 0.653621521 64.38370514 -16.40219078 0.32692
849 112.0 4.0 38.83880005 47.85070267 0.653621521 64.38370514 -16.40219078 0.33266
850 112.0 8.0 38.83880005 47.85070267 0.653621521 64.38370514 -16.40219078 0.33745
851 152.0 -8.0 38.83880005 47.85070267 0.653621521 64.38370514 -16.40219078 0.306
852 152.0 -4.0 38.83880005 47.85070267 0.653621521 64.38370514 -16.40219078 0.31708
853 152.0 0.0 38.83880005 47.85070267 0.653621521 64.38370514 -16.40219078 0.32746
854 152.0 4.0 38.83880005 47.85070267 0.653621521 64.38370514 -16.40219078 0.33675
855 152.0 8.0 38.83880005 47.85070267 0.653621521 64.38370514 -16.40219078 0.34555
856 192.0 -8.0 38.83880005 47.85070267 0.653621521 64.38370514 -16.40219078 0.2989
857 192.0 -4.0 38.83880005 47.85070267 0.653621521 64.38370514 -16.40219078 0.31622
858 192.0 0.0 38.83880005 47.85070267 0.653621521 64.38370514 -16.40219078 0.33263
859 192.0 4.0 38.83880005 47.85070267 0.653621521 64.38370514 -16.40219078 0.34744
860 192.0 8.0 38.83880005 47.85070267 0.653621521 64.38370514 -16.40219078 0.36099
861 72.0 -8.0 35.33942566 74.93036194 0.03122998 23.07622671 1.040824127 0.31649
862 72.0 -4.0 35.33942566 74.93036194 0.03122998 23.07622671 1.040824127 0.31971
863 72.0 0.0 35.33942566 74.93036194 0.03122998 23.07622671 1.040824127 0.32106
864 72.0 4.0 35.33942566 74.93036194 0.03122998 23.07622671 1.040824127 0.32044
865 72.0 8.0 35.33942566 74.93036194 0.03122998 23.07622671 1.040824127 0.31804
866 112.0 -8.0 35.33942566 74.93036194 0.03122998 23.07622671 1.040824127 0.31589
867 112.0 -4.0 35.33942566 74.93036194 0.03122998 23.07622671 1.040824127 0.31912
868 112.0 0.0 35.33942566 74.93036194 0.03122998 23.07622671 1.040824127 0.32062
869 112.0 4.0 35.33942566 74.93036194 0.03122998 23.07622671 1.040824127 0.3201
870 112.0 8.0 35.33942566 74.93036194 0.03122998 23.07622671 1.040824127 0.31801
871 152.0 -8.0 35.33942566 74.93036194 0.03122998 23.07622671 1.040824127 0.31513
872 152.0 -4.0 35.33942566 74.93036194 0.03122998 23.07622671 1.040824127 0.31846
873 152.0 0.0 35.33942566 74.93036194 0.03122998 23.07622671 1.040824127 0.32019
874 152.0 4.0 35.33942566 74.93036194 0.03122998 23.07622671 1.040824127 0.32024
875 152.0 8.0 35.33942566 74.93036194 0.03122998 23.07622671 1.040824127 0.31894
876 192.0 -8.0 35.33942566 74.93036194 0.03122998 23.07622671 1.040824127 0.3144
877 192.0 -4.0 35.33942566 74.93036194 0.03122998 23.07622671 1.040824127 0.31872
878 192.0 0.0 35.33942566 74.93036194 0.03122998 23.07622671 1.040824127 0.32161
879 192.0 4.0 35.33942566 74.93036194 0.03122998 23.07622671 1.040824127 0.32257
880 192.0 8.0 35.33942566 74.93036194 0.03122998 23.07622671 1.040824127 0.32247
881 72.0 -8.0 26.18070068 75.97559509 0.57240242 49.65784836 -28.65177183 0.32218
882 72.0 -4.0 26.18070068 75.97559509 0.57240242 49.65784836 -28.65177183 0.33084
883 72.0 0.0 26.18070068 75.97559509 0.57240242 49.65784836 -28.65177183 0.33631
884 72.0 4.0 26.18070068 75.97559509 0.57240242 49.65784836 -28.65177183 0.33829
885 72.0 8.0 26.18070068 75.97559509 0.57240242 49.65784836 -28.65177183 0.33708
886 112.0 -8.0 26.18070068 75.97559509 0.57240242 49.65784836 -28.65177183 0.31857
887 112.0 -4.0 26.18070068 75.97559509 0.57240242 49.65784836 -28.65177183 0.32772
888 112.0 0.0 26.18070068 75.97559509 0.57240242 49.65784836 -28.65177183 0.33405
889 112.0 4.0 26.18070068 75.97559509 0.57240242 49.65784836 -28.65177183 0.33704
890 112.0 8.0 26.18070068 75.97559509 0.57240242 49.65784836 -28.65177183 0.33752
891 152.0 -8.0 26.18070068 75.97559509 0.57240242 49.65784836 -28.65177183 0.31212
892 152.0 -4.0 26.18070068 75.97559509 0.57240242 49.65784836 -28.65177183 0.32391
893 152.0 0.0 26.18070068 75.97559509 0.57240242 49.65784836 -28.65177183 0.3329
894 152.0 4.0 26.18070068 75.97559509 0.57240242 49.65784836 -28.65177183 0.33896
895 152.0 8.0 26.18070068 75.97559509 0.57240242 49.65784836 -28.65177183 0.34281
896 192.0 -8.0 26.18070068 75.97559509 0.57240242 49.65784836 -28.65177183 0.30401
897 192.0 -4.0 26.18070068 75.97559509 0.57240242 49.65784836 -28.65177183 0.32069
898 192.0 0.0 26.18070068 75.97559509 0.57240242 49.65784836 -28.65177183 0.33488
899 192.0 4.0 26.18070068 75.97559509 0.57240242 49.65784836 -28.65177183 0.34531
900 192.0 8.0 26.18070068 75.97559509 0.57240242 49.65784836 -28.65177183 0.35303
901 72.0 -8.0 27.61510773 78.55211792 0.282262383 67.91495895 -20.80968018 0.31308
902 72.0 -4.0 27.61510773 78.55211792 0.282262383 67.91495895 -20.80968018 0.32636
903 72.0 0.0 27.61510773 78.55211792 0.282262383 67.91495895 -20.80968018 0.33462
904 72.0 4.0 27.61510773 78.55211792 0.282262383 67.91495895 -20.80968018 0.33747
905 72.0 8.0 27.61510773 78.55211792 0.282262383 67.91495895 -20.80968018 0.33538
906 112.0 -8.0 27.61510773 78.55211792 0.282262383 67.91495895 -20.80968018 0.30911
907 112.0 -4.0 27.61510773 78.55211792 0.282262383 67.91495895 -20.80968018 0.32322
908 112.0 0.0 27.61510773 78.55211792 0.282262383 67.91495895 -20.80968018 0.33286
909 112.0 4.0 27.61510773 78.55211792 0.282262383 67.91495895 -20.80968018 0.33746
910 112.0 8.0 27.61510773 78.55211792 0.282262383 67.91495895 -20.80968018 0.338
911 152.0 -8.0 27.61510773 78.55211792 0.282262383 67.91495895 -20.80968018 0.30165
912 152.0 -4.0 27.61510773 78.55211792 0.282262383 67.91495895 -20.80968018 0.31941
913 152.0 0.0 27.61510773 78.55211792 0.282262383 67.91495895 -20.80968018 0.33279
914 152.0 4.0 27.61510773 78.55211792 0.282262383 67.91495895 -20.80968018 0.34158
915 152.0 8.0 27.61510773 78.55211792 0.282262383 67.91495895 -20.80968018 0.34674
916 192.0 -8.0 27.61510773 78.55211792 0.282262383 67.91495895 -20.80968018 0.29342
917 192.0 -4.0 27.61510773 78.55211792 0.282262383 67.91495895 -20.80968018 0.31695
918 192.0 0.0 27.61510773 78.55211792 0.282262383 67.91495895 -20.80968018 0.33639
919 192.0 4.0 27.61510773 78.55211792 0.282262383 67.91495895 -20.80968018 0.35024
920 192.0 8.0 27.61510773 78.55211792 0.282262383 67.91495895 -20.80968018 0.36011
921 72.0 -8.0 -19.97754698 41.60075302 0.69896759 46.18130112 -7.505987549 0.31741
922 72.0 -4.0 -19.97754698 41.60075302 0.69896759 46.18130112 -7.505987549 0.31499
923 72.0 0.0 -19.97754698 41.60075302 0.69896759 46.18130112 -7.505987549 0.31777
924 72.0 4.0 -19.97754698 41.60075302 0.69896759 46.18130112 -7.505987549 0.3224
925 72.0 8.0 -19.97754698 41.60075302 0.69896759 46.18130112 -7.505987549 0.33193
926 112.0 -8.0 -19.97754698 41.60075302 0.69896759 46.18130112 -7.505987549 0.31213
927 112.0 -4.0 -19.97754698 41.60075302 0.69896759 46.18130112 -7.505987549 0.31438
928 112.0 0.0 -19.97754698 41.60075302 0.69896759 46.18130112 -7.505987549 0.31765
929 112.0 4.0 -19.97754698 41.60075302 0.69896759 46.18130112 -7.505987549 0.32465
930 112.0 8.0 -19.97754698 41.60075302 0.69896759 46.18130112 -7.505987549 0.33278
931 152.0 -8.0 -19.97754698 41.60075302 0.69896759 46.18130112 -7.505987549 0.30646
932 152.0 -4.0 -19.97754698 41.60075302 0.69896759 46.18130112 -7.505987549 0.30982
933 152.0 0.0 -19.97754698 41.60075302 0.69896759 46.18130112 -7.505987549 0.31738
934 152.0 4.0 -19.97754698 41.60075302 0.69896759 46.18130112 -7.505987549 0.32703
935 152.0 8.0 -19.97754698 41.60075302 0.69896759 46.18130112 -7.505987549 0.34067
936 192.0 -8.0 -19.97754698 41.60075302 0.69896759 46.18130112 -7.505987549 0.28966
937 192.0 -4.0 -19.97754698 41.60075302 0.69896759 46.18130112 -7.505987549 0.30177
938 192.0 0.0 -19.97754698 41.60075302 0.69896759 46.18130112 -7.505987549 0.31606
939 192.0 4.0 -19.97754698 41.60075302 0.69896759 46.18130112 -7.505987549 0.333
940 192.0 8.0 -19.97754698 41.60075302 0.69896759 46.18130112 -7.505987549 0.3517
941 72.0 -8.0 -8.230274582 52.28398285 0.546111717 29.19948578 14.08795624 0.31912
942 72.0 -4.0 -8.230274582 52.28398285 0.546111717 29.19948578 14.08795624 0.31858
943 72.0 0.0 -8.230274582 52.28398285 0.546111717 29.19948578 14.08795624 0.32069
944 72.0 4.0 -8.230274582 52.28398285 0.546111717 29.19948578 14.08795624 0.32298
945 72.0 8.0 -8.230274582 52.28398285 0.546111717 29.19948578 14.08795624 0.32712
946 112.0 -8.0 -8.230274582 52.28398285 0.546111717 29.19948578 14.08795624 0.31556
947 112.0 -4.0 -8.230274582 52.28398285 0.546111717 29.19948578 14.08795624 0.31796
948 112.0 0.0 -8.230274582 52.28398285 0.546111717 29.19948578 14.08795624 0.31994
949 112.0 4.0 -8.230274582 52.28398285 0.546111717 29.19948578 14.08795624 0.32323
950 112.0 8.0 -8.230274582 52.28398285 0.546111717 29.19948578 14.08795624 0.32596
951 152.0 -8.0 -8.230274582 52.28398285 0.546111717 29.19948578 14.08795624 0.31272
952 152.0 -4.0 -8.230274582 52.28398285 0.546111717 29.19948578 14.08795624 0.31535
953 152.0 0.0 -8.230274582 52.28398285 0.546111717 29.19948578 14.08795624 0.31948
954 152.0 4.0 -8.230274582 52.28398285 0.546111717 29.19948578 14.08795624 0.32396
955 152.0 8.0 -8.230274582 52.28398285 0.546111717 29.19948578 14.08795624 0.33093
956 192.0 -8.0 -8.230274582 52.28398285 0.546111717 29.19948578 14.08795624 0.30438
957 192.0 -4.0 -8.230274582 52.28398285 0.546111717 29.19948578 14.08795624 0.31238
958 192.0 0.0 -8.230274582 52.28398285 0.546111717 29.19948578 14.08795624 0.3214
959 192.0 4.0 -8.230274582 52.28398285 0.546111717 29.19948578 14.08795624 0.33227
960 192.0 8.0 -8.230274582 52.28398285 0.546111717 29.19948578 14.08795624 0.34181
961 72.0 -8.0 -5.01905098 64.73232727 0.829595261 44.110075 16.95041199 0.32857
962 72.0 -4.0 -5.01905098 64.73232727 0.829595261 44.110075 16.95041199 0.3297
963 72.0 0.0 -5.01905098 64.73232727 0.829595261 44.110075 16.95041199 0.33318
964 72.0 4.0 -5.01905098 64.73232727 0.829595261 44.110075 16.95041199 0.3384
965 72.0 8.0 -5.01905098 64.73232727 0.829595261 44.110075 16.95041199 0.34502
966 112.0 -8.0 -5.01905098 64.73232727 0.829595261 44.110075 16.95041199 0.32302
967 112.0 -4.0 -5.01905098 64.73232727 0.829595261 44.110075 16.95041199 0.32639
968 112.0 0.0 -5.01905098 64.73232727 0.829595261 44.110075 16.95041199 0.33101
969 112.0 4.0 -5.01905098 64.73232727 0.829595261 44.110075 16.95041199 0.33712
970 112.0 8.0 -5.01905098 64.73232727 0.829595261 44.110075 16.95041199 0.34445
971 152.0 -8.0 -5.01905098 64.73232727 0.829595261 44.110075 16.95041199 0.31525
972 152.0 -4.0 -5.01905098 64.73232727 0.829595261 44.110075 16.95041199 0.32158
973 152.0 0.0 -5.01905098 64.73232727 0.829595261 44.110075 16.95041199 0.32954
974 152.0 4.0 -5.01905098 64.73232727 0.829595261 44.110075 16.95041199 0.33921
975 152.0 8.0 -5.01905098 64.73232727 0.829595261 44.110075 16.95041199 0.35158
976 192.0 -8.0 -5.01905098 64.73232727 0.829595261 44.110075 16.95041199 0.30334
977 192.0 -4.0 -5.01905098 64.73232727 0.829595261 44.110075 16.95041199 0.31689
978 192.0 0.0 -5.01905098 64.73232727 0.829595261 44.110075 16.95041199 0.33245
979 192.0 4.0 -5.01905098 64.73232727 0.829595261 44.110075 16.95041199 0.34985
980 192.0 8.0 -5.01905098 64.73232727 0.829595261 44.110075 16.95041199 0.36446
981 72.0 -8.0 -1.914545822 69.15458069 0.742651138 43.11257744 25.97422943 0.33106
982 72.0 -4.0 -1.914545822 69.15458069 0.742651138 43.11257744 25.97422943 0.33234
983 72.0 0.0 -1.914545822 69.15458069 0.742651138 43.11257744 25.97422943 0.33535
984 72.0 4.0 -1.914545822 69.15458069 0.742651138 43.11257744 25.97422943 0.34027
985 72.0 8.0 -1.914545822 69.15458069 0.742651138 43.11257744 25.97422943 0.34617
986 112.0 -8.0 -1.914545822 69.15458069 0.742651138 43.11257744 25.97422943 0.32584
987 112.0 -4.0 -1.914545822 69.15458069 0.742651138 43.11257744 25.97422943 0.32865
988 112.0 0.0 -1.914545822 69.15458069 0.742651138 43.11257744 25.97422943 0.33294
989 112.0 4.0 -1.914545822 69.15458069 0.742651138 43.11257744 25.97422943 0.33836
990 112.0 8.0 -1.914545822 69.15458069 0.742651138 43.11257744 25.97422943 0.34533
991 152.0 -8.0 -1.914545822 69.15458069 0.742651138 43.11257744 25.97422943 0.3183
992 152.0 -4.0 -1.914545822 69.15458069 0.742651138 43.11257744 25.97422943 0.3241
993 152.0 0.0 -1.914545822 69.15458069 0.742651138 43.11257744 25.97422943 0.33125
994 152.0 4.0 -1.914545822 69.15458069 0.742651138 43.11257744 25.97422943 0.34025
995 152.0 8.0 -1.914545822 69.15458069 0.742651138 43.11257744 25.97422943 0.35136
996 192.0 -8.0 -1.914545822 69.15458069 0.742651138 43.11257744 25.97422943 0.30696
997 192.0 -4.0 -1.914545822 69.15458069 0.742651138 43.11257744 25.97422943 0.31931
998 192.0 0.0 -1.914545822 69.15458069 0.742651138 43.11257744 25.97422943 0.33362
999 192.0 4.0 -1.914545822 69.15458069 0.742651138 43.11257744 25.97422943 0.34909
1000 192.0 8.0 -1.914545822 69.15458069 0.742651138 43.11257744 25.97422943 0.36197
